2.79182900915e-05
0.000187357814152
0.000708376200442
0.00177637308116
0.00279989058347
0.00296813419824
0.0032150196806
0.00380056923935
0.00427677066741
0.00439523047423
0.00445147561884
0.00451172977399
0.00486396627858
0.00492076661955
0.0052715987364
0.00555404480437
0.00558572737075
0.00651979724382
0.00671659226142
0.00700806294901
0.00706798554303
0.00750741748415
0.00755757161777
0.0080544870745
0.00816456844921
0.00828114893284
0.00846814556849
0.00897679445471
0.00906293009504
0.00929443551504
0.0104914757452
0.010507414196
0.0110318525669
0.0111956860589
0.0119737951134
0.0127088314733
0.0128337938381
0.0128973937143
0.0129661263625
0.0134746394482
0.0135674260924
0.014157924224
0.0141604940446
0.0142062939469
0.014582850776
0.0147404090717
0.0149417165643
0.0160662309705
0.0169511415831
0.0170776742639
0.0172653672578
0.0176940546178
0.0176998243253
0.0178490143739
0.0183307300111
0.0184525898787
0.0185274098973
0.0189664858191
0.0191168957988
0.0194420730979
0.0196755367996
0.0199961207925
0.0201562905492
0.0207828409716
0.0210918454074
0.0213920926412
0.0214464166836
0.0214783950601
0.0217053079489
0.0217147257583
0.0217153597945
0.0217858437083
0.0220941620586
0.0224334878398
0.0224957623324
0.0226730725598
0.0226999668314
0.0233046271212
0.0233278825786
0.0242433231143
0.0242813992165
0.0244980498359
0.0252454982885
0.0258792126933
0.0263428033077
0.0270601788461
0.0271170844261
0.0279315190083
0.0279953594525
0.0281503172066
0.0287690748255
0.0287724218709
0.0296605945925
0.0296967313608
0.0297473453177
0.0298007910978
0.0303502359249
0.0305509465733
0.0308947552744
0.0313465711304
0.0315749216601
0.0317005209822
0.0317712374031
0.0323162682487
0.0323629427358
0.032440928639
0.0331310587877
0.0339630959353
0.0340128361101
0.0341650044327
0.0347231674847
0.0355308445545
0.0358251237243
0.0362170868385
0.0363305978268
0.0364334299754
0.0368424233286
0.0369146071804
0.0370778773727
0.0373966493651
0.0374266981508
0.0374533598642
0.0376942402106
0.0378034367087
0.0380390523921
0.0388324386949
0.0393923461888
0.0397292943847
0.0409515987817
0.041610632743
0.0418673273761
0.0422033650118
0.0424330428888
0.0427333031057
0.0429586596433
0.0439984489275
0.0444596711876
0.0445560025073
0.0454314949411
0.0455857068606
0.0463556643137
0.0463682053462
0.0474007256634
0.0479916637369
0.0480262979113
0.0486243598623
0.0491128747211
0.0492616682803
0.0496785660961
0.0505547058228
0.0506420038214
0.0508703730391
0.0509574269216
0.0519750515854
0.0520781086607
0.0525376796313
0.0526143739347
0.0528039297725
0.0528950248846
0.0528989661138
0.052935194515
0.0532836125239
0.0535926908393
0.0542415149343
0.0551909112572
0.0558635417289
0.0559266178502
0.0563639320555
0.0568043760897
0.05694492701
0.0571644553589
0.0573380873166
0.057398307902
0.0574574384879
0.0579963471308
0.0585376784129
0.058565674607
0.059142235084
0.059515923848
0.0596049755022
0.0596700842317
0.0600108737247
0.0601472313817
0.0608867837761
0.06088984359
0.0612005314573
0.0614340984664
0.0615508051349
0.0619778707464
0.0620407352379
0.0621977922092
0.0621999124635
0.0625309724605
0.0626564555501
0.0629681908574
0.0631459525955
0.0631658747979
0.0633349846045
0.0635660581146
0.063765112867
0.0643939040835
0.0644214475213
0.0648156199922
0.0650526495992
0.0658486791253
0.0660845953706
0.0671433794221
0.0674301288317
0.0676253873685
0.0676840644583
0.0679649380016
0.0683707605078
0.0686225846172
0.0690746970721
0.0691423442141
0.0693532425002
0.069891870574
0.0703163829427
0.0706516652863
0.0708556163282
0.070869469009
0.0708710741124
0.0730406370082
0.0731248773037
0.0733742267756
0.0734103294235
0.0740938673339
0.0746873259644
0.0751465816872
0.0753203516617
0.0755097411514
0.0756698608753
0.0756801475577
0.0757081921742
0.0758519991347
0.0761017218498
0.0761242257428
0.0766571858884
0.0769072026655
0.0771709453854
0.0774898387053
0.0775876588417
0.0778856135223
0.0789417181907
0.079379559498
0.0805992802893
0.0810326535896
0.0817096823486
0.0817708146156
0.0825757512645
0.0828069589366
0.0828538133991
0.0839308489807
0.08397498365
0.0839972088328
0.0844883366005
0.0852684783021
0.0858317764589
0.0859829018301
0.0867138227769
0.0870372758075
0.0870507437277
0.0871228826145
0.0877182606794
0.0877977114588
0.088432320938
0.0887484553324
0.0901986458475
0.0904691009177
0.0906646303447
0.0910143071138
0.0911379044457
0.0920219448294
0.0934521923453
0.093503792887
0.0938844234169
0.0939095219354
0.0945125939362
0.0948776491491
0.0965228762629
0.0965830577452
0.0972090304743
0.097316431382
0.0975876253744
0.097731417325
0.0978293252247
0.0981831541363
0.0989688351501
0.0990302070808
0.100236982949
0.10040029212
0.100983344361
0.101209390995
0.101302914994
0.101399949326
0.102532072242
0.102582393276
0.103174672968
0.103588320214
0.10364070045
0.10419101892
0.104258760375
0.104567941058
0.104705536427
0.104727517485
0.104765278699
0.105159363912
0.105238389279
0.105462862041
0.105619508715
0.105850455771
0.106044514099
0.106077621238
0.106548958913
0.10754071361
0.107635877345
0.108054076288
0.108188255483
0.108598950555
0.108872307108
0.109364183098
0.109925024326
0.109991957107
0.110047745982
0.110480726137
0.110784534387
0.110872450545
0.110895081807
0.110897557571
0.110963321899
0.111223030449
0.111419431303
0.111662198075
0.111816577494
0.111869678232
0.112189339851
0.11218942193
0.112843722398
0.113120393503
0.113329135983
0.113363168154
0.113542732308
0.1137219783
0.114295509031
0.114748072903
0.114751401347
0.11493921984
0.115206234133
0.115458491095
0.115829112183
0.117133645278
0.117228122669
0.118230715227
0.118376492762
0.119050105104
0.1191921388
0.119323671451
0.119437747297
0.119588843064
0.120184957003
0.12019785784
0.120281889909
0.120819306621
0.120930495278
0.121176824378
0.121228024319
0.121423503694
0.121646147828
0.121937078972
0.122187768094
0.122681491463
0.122685216629
0.12355891571
0.123814640984
0.123959317216
0.124308619111
0.125289571231
0.125980715977
0.126358085992
0.126762079534
0.127342672599
0.127648869078
0.128395487756
0.128792224149
0.128879987506
0.129309751131
0.129465317785
0.129484432891
0.129548351753
0.13002710444
0.130299201926
0.131171643889
0.131629072569
0.131779538546
0.132060181024
0.132141351077
0.132155266244
0.132283177595
0.133749799465
0.133933253101
0.134611241057
0.134817216804
0.134948404548
0.135729404209
0.135998515868
0.137144235568
0.13731290494
0.138360616331
0.138396609106
0.138681922446
0.138687742619
0.138816757147
0.138936318216
0.139279269872
0.139469778629
0.139489357959
0.139571661371
0.140063667945
0.140094784996
0.140339716995
0.140614705722
0.141073066598
0.141224157188
0.141493702695
0.14151681947
0.141959062569
0.142001050398
0.142462880813
0.14296322533
0.143704472634
0.144128244308
0.144271686378
0.145043060863
0.145179761672
0.145438614391
0.146193250002
0.146463794527
0.146610175769
0.147236993605
0.147648383261
0.147921580973
0.148441244137
0.148695705864
0.148893378861
0.149269544915
0.149316740516
0.149724101795
0.150042932224
0.150121685402
0.15054613513
0.151055851732
0.151143823108
0.151157922608
0.151621386087
0.15221678928
0.152870628953
0.153336406926
0.153768109244
0.154035263391
0.155271407345
0.155295940413
0.155818879618
0.155939349678
0.156044266839
0.156162339221
0.15637148954
0.158165773106
0.158414978725
0.158857762641
0.159354767225
0.160042440753
0.160986654797
0.161439759274
0.161493572827
0.161702112362
0.162981344538
0.163306442313
0.163438341693
0.16350073312
0.163810782522
0.165016862353
0.165286714557
0.166088383879
0.166919596264
0.167095604984
0.167192204982
0.167321619779
0.167664424514
0.167697060777
0.167942954339
0.168265906297
0.168288197106
0.168351017926
0.168914818785
0.169192987073
0.17110312932
0.171148510027
0.171164748927
0.171390743361
0.172481301702
0.172863737822
0.172926099047
0.172935437915
0.174234974504
0.175406896336
0.175437650193
0.175708212222
0.17701166397
0.177491208502
0.177544353364
0.177951639542
0.179344535623
0.179903413301
0.179905101353
0.180028629124
0.180327584835
0.181844138685
0.182011487988
0.182019197131
0.18214092162
0.182242582112
0.182560308829
0.182674177644
0.183235444409
0.184553029201
0.184919383413
0.185270395428
0.185457026448
0.18598676871
0.186531611637
0.186958531735
0.187207826903
0.187263666275
0.188230262019
0.189151562629
0.189538224143
0.190018960632
0.190525815922
0.190588122889
0.191708907467
0.191960895131
0.192947239827
0.193339974928
0.19378621979
0.194171297378
0.194681512166
0.19482416737
0.194898239624
0.195689980101
0.195699993808
0.196156744072
0.197078477881
0.197080262793
0.197580597446
0.197620978449
0.197798798995
0.198436514667
0.1986481505
0.199305642008
0.199317754183
0.199330548831
0.199965885954
0.200127557901
0.200249269299
0.200479666918
0.200731944905
0.201369522874
0.201737267198
0.20221058237
0.202314614789
0.202402847937
0.202457594403
0.202614563186
0.20267725037
0.202803028662
0.203895486804
0.203949868808
0.204194554538
0.20434508868
0.205141381507
0.205301163619
0.205502604776
0.206096470299
0.206156178634
0.206386448416
0.20654169579
0.207087649449
0.207121870664
0.207242968366
0.207994652857
0.20854061757
0.20886983998
0.209144763601
0.209280047692
0.209403484842
0.209496017532
0.209791071653
0.210450447605
0.210460093739
0.210633222774
0.211598999731
0.211635504465
0.212579540435
0.213444782077
0.21427939631
0.214823344179
0.215152010179
0.215520209542
0.215810259098
0.216061197594
0.216069624545
0.216876057518
0.217419772531
0.217683463639
0.217701081149
0.217773083243
0.218149291496
0.218808590253
0.219647975218
0.219854629211
0.219861879584
0.220145627012
0.220213562145
0.220686298293
0.22109334811
0.221211030295
0.221519050845
0.22200258589
0.222202194161
0.222343124449
0.222748678237
0.22318754124
0.22320919726
0.223310588763
0.223539178239
0.224126550529
0.224157133531
0.224172391576
0.224302456287
0.224629914143
0.224875151431
0.225385814681
0.226210553178
0.226439982379
0.22647388464
0.226483959231
0.22701656707
0.227249132471
0.227566690368
0.227583908974
0.227624448629
0.227981628234
0.228084387855
0.228605676194
0.228924120238
0.229030036873
0.229591559436
0.229688285219
0.229797638194
0.229947681924
0.230413457499
0.230446904819
0.231249199956
0.231346323249
0.232139242298
0.232149931599
0.232271112923
0.232373654909
0.232659928291
0.232686032144
0.232990309883
0.232995350591
0.234126844921
0.234638098246
0.234674827752
0.23478554098
0.235053377104
0.23522594515
0.236191683022
0.236211670217
0.236216120142
0.236547732913
0.23657720483
0.23666317507
0.236834631534
0.23728424131
0.238908440301
0.238931027862
0.239134062389
0.239253119037
0.240407282246
0.241199958124
0.241297646702
0.241829843986
0.24186669104
0.242090071102
0.242638680365
0.242717232602
0.242757990127
0.242826169334
0.243079440005
0.244114323231
0.244544017375
0.244795419245
0.244889819415
0.245246349112
0.24613502919
0.246220151784
0.246485881938
0.246552522022
0.247279736543
0.247847015225
0.248722219895
0.248768296933
0.249389012784
0.249563288555
0.249727317801
0.250240949991
0.250354874428
0.251727332191
0.252345249244
0.252409672427
0.252653292239
0.25318474782
0.253286181854
0.254268607804
0.255129664208
0.255227333944
0.25551861926
0.255597896131
0.256165951162
0.256298207002
0.256561396621
0.256572722002
0.256710517702
0.256998063668
0.258496820901
0.258711572363
0.259073060753
0.260108971466
0.260189836966
0.26168552771
0.262335811049
0.262724252054
0.262787980306
0.26287746002
0.263173933474
0.263178616189
0.263844495131
0.264452625131
0.264911364096
0.265427122216
0.265427609601
0.265556721457
0.265641145272
0.265804726583
0.266710345451
0.266815591681
0.266973188139
0.267633245037
0.26780527394
0.268319451669
0.268401843437
0.269382705813
0.269459443476
0.269569898823
0.270382883285
0.270861834928
0.27115225464
0.271251234595
0.271878015465
0.272049370933
0.272778393606
0.273176544103
0.274022984649
0.274149804647
0.274313135022
0.274972232733
0.275258691463
0.275570251993
0.275913614391
0.275964052113
0.276063304427
0.276454673116
0.276569161235
0.276935418969
0.277682311569
0.278247479499
0.279468904039
0.279609677835
0.279615132622
0.279838063513
0.279984365923
0.280146845435
0.280564659003
0.282479410905
0.282602168753
0.283048835235
0.283389619098
0.283408140573
0.284176066561
0.285087134618
0.285153609176
0.285428308946
0.285560534919
0.285910673344
0.286128397065
0.286157871913
0.286261617514
0.28660538223
0.287014802715
0.287023961331
0.287053402889
0.287151296344
0.287984780898
0.288478614284
0.288485208492
0.28879947477
0.289196123115
0.289537994093
0.289981380517
0.290091382502
0.290306532616
0.290414993167
0.290437027601
0.290460714951
0.290470975337
0.290516600174
0.290705701964
0.29106341141
0.291128314087
0.291481950362
0.29160004768
0.29168749534
0.291870222988
0.292127167275
0.292368930359
0.292448889949
0.292625401685
0.293322591151
0.293574903733
0.294499910906
0.294753120884
0.294787676562
0.295429337555
0.296085783376
0.296873358536
0.297074223566
0.297858813404
0.298186964393
0.298978218705
0.299184483774
0.299271929651
0.299288522568
0.299482885427
0.299748423972
0.300081825127
0.300755435749
0.301869971048
0.301911836821
0.301937345056
0.302187897005
0.302944582291
0.303217917178
0.303398735764
0.30348540189
0.303535180823
0.303575950374
0.303718957316
0.304545102099
0.304567642331
0.304824052908
0.306149521257
0.306343997863
0.307205486415
0.30722614107
0.308601228784
0.309538891338
0.309921556574
0.31007544483
0.311158416626
0.311162175349
0.311216893476
0.31194155866
0.312012911875
0.312116302097
0.312446418262
0.312888784271
0.313063605685
0.313352270122
0.313518397386
0.31395743892
0.314333075019
0.315252689739
0.315306116094
0.315547729444
0.316111711454
0.316212538173
0.316404537135
0.317079823765
0.317628135108
0.317705615013
0.31795710052
0.317964692611
0.318008788978
0.318091223321
0.319746305338
0.319845329881
0.320484488551
0.320532043195
0.320915811577
0.321232638866
0.322397231638
0.323216613085
0.323813840005
0.324383667444
0.325432355275
0.325688170947
0.326069398648
0.326404177054
0.326513794117
0.326712116956
0.327116116519
0.327479563556
0.329586823032
0.330399202365
0.330615176559
0.331056586489
0.331814404228
0.331910183016
0.332040487891
0.332136995656
0.332345613945
0.33246379714
0.3325159468
0.332525587118
0.332567255131
0.3329256861
0.333229695859
0.333314902381
0.333331739764
0.3336020172
0.333813080307
0.334211402427
0.334410200784
0.334503911133
0.33451464168
0.334634373549
0.334724283234
0.335222623371
0.336030805828
0.336041566542
0.336065723524
0.33671793464
0.33703894117
0.337356437252
0.337370147989
0.338022838774
0.339083453656
0.339122299542
0.339214149392
0.340212352087
0.340293508463
0.340384771994
0.340689777922
0.341386572441
0.342221535982
0.342311035596
0.342774627612
0.342997683958
0.344226857075
0.344279918401
0.34540733595
0.345437385129
0.345551142636
0.345553565565
0.345661194269
0.345712442708
0.346556205342
0.346765023444
0.346849435949
0.347066652752
0.347573629814
0.348965923677
0.349162036202
0.349460069203
0.34984742514
0.349952662617
0.350303091489
0.350311332841
0.351267818533
0.351501904081
0.351780926307
0.352113852154
0.353534372017
0.353853756856
0.354030101561
0.354795130379
0.355658584643
0.356208868857
0.356383465979
0.357126906323
0.357138122277
0.357250311206
0.358016067346
0.358267437319
0.358396115156
0.358410727475
0.359489765501
0.359605684639
0.359954047116
0.361013459071
0.361523640691
0.361746752861
0.362241114918
0.362787386568
0.362911231052
0.362929219672
0.362996194564
0.362997338307
0.363182480528
0.363288153488
0.363721066849
0.364666552367
0.365107747735
0.366084720592
0.366556930189
0.367046042831
0.367471503042
0.368035965939
0.368051113494
0.368395424016
0.36847317526
0.368693918739
0.368935438546
0.369475162771
0.369819693622
0.369940220493
0.370163594396
0.37022564674
0.370625394716
0.371696673103
0.372155828033
0.372203012899
0.372473322535
0.372783655481
0.373150233943
0.373197917847
0.373304242622
0.373327088923
0.373650835655
0.374122922403
0.374470990994
0.375650171992
0.377066247971
0.377125655408
0.377194023171
0.377476498582
0.377525410205
0.37786063679
0.377951664866
0.378072655743
0.378272121
0.378400735536
0.379314989732
0.379574475424
0.379668609282
0.379961866947
0.380248783409
0.380440318554
0.380824210794
0.381063882989
0.381115152684
0.381448513181
0.381693172239
0.381923737698
0.382221403893
0.382614508979
0.383202024426
0.383327310338
0.383602114232
0.384348145012
0.384353308124
0.384525372619
0.385593081772
0.385832434737
0.385971045835
0.38617925013
0.386385646254
0.386641002494
0.386735668505
0.38678501685
0.386868374433
0.387204305195
0.387570940851
0.387646207334
0.388399844013
0.388869477881
0.389421682419
0.389523150865
0.389618782751
0.389999772062
0.390045777436
0.390118038438
0.390414979926
0.390441329536
0.390522126758
0.390546536943
0.391121273103
0.391881463866
0.391929476144
0.392036756679
0.392104256661
0.392836583726
0.392926560751
0.393098377493
0.393649649161
0.393928198265
0.394410004023
0.394743850813
0.394892688987
0.396395562939
0.396497836875
0.398028475222
0.398262237336
0.398716606203
0.398795549513
0.39899455056
0.39916402505
0.399604375237
0.399763436761
0.399807612943
0.400094738673
0.400260767579
0.401389622586
0.402093487773
0.402762576218
0.403048089208
0.403646713322
0.403650424312
0.403668458494
0.403686893494
0.403712287896
0.4046890464
0.405796799908
0.406153698433
0.406851440931
0.4073571312
0.407799709299
0.408885040932
0.409003316216
0.409586178567
0.409594253996
0.410384749802
0.41068560596
0.41070871384
0.410751935303
0.410969696511
0.411140501827
0.41119660266
0.411769387225
0.412219289973
0.412734224253
0.412981773136
0.413046875912
0.413451728638
0.414007439058
0.414532188158
0.414619656111
0.41480874315
0.414881236248
0.414943795366
0.415773326314
0.416160730677
0.416426126864
0.416549291997
0.417232328808
0.41748779969
0.417852471166
0.418320085757
0.418783408197
0.418803962365
0.419366279385
0.420160376868
0.420160626329
0.421058499678
0.421473393732
0.42166039218
0.42181212626
0.422193537518
0.423127648212
0.424132369998
0.424221939173
0.42423475778
0.424656660566
0.424774442355
0.424956644216
0.425424566413
0.425864619452
0.426185123115
0.42619028003
0.426591430947
0.426875807425
0.427033427072
0.427297295879
0.427712581681
0.427765308889
0.427862076253
0.428648658238
0.428685541736
0.428772909468
0.428862432983
0.42896627534
0.430510482689
0.431844218603
0.432815558295
0.432825805464
0.43287465563
0.433076366166
0.433751615273
0.434106525329
0.434194716328
0.434513148395
0.434709462137
0.434825125705
0.434840840397
0.435074714986
0.436304359754
0.436779449128
0.436795275233
0.437456923986
0.437617863852
0.437968855941
0.438181819161
0.438580385656
0.439739562332
0.439792286189
0.440566250127
0.440691125872
0.440692525423
0.441038378239
0.441181194185
0.441268370077
0.441520084206
0.441522000865
0.44218398911
0.442529705954
0.442652200704
0.442975544848
0.443071557374
0.443217537487
0.443765460416
0.444257373176
0.444260920063
0.445190902747
0.445202933528
0.446081384809
0.446151183472
0.446269564755
0.446628290416
0.446845632369
0.447606445996
0.448302135745
0.448313799135
0.448323052027
0.448396482444
0.448868943408
0.449331232003
0.449900219047
0.450324113195
0.450434516204
0.450545456023
0.450817236545
0.450875281942
0.451180739927
0.45187888768
0.451967027083
0.45196735828
0.452172583155
0.452209986595
0.452451346227
0.452496446001
0.452543472468
0.453262407224
0.45406734551
0.454118563888
0.454204206187
0.454312550093
0.454339571343
0.454357059234
0.454653661652
0.454749186964
0.454949106351
0.455434641344
0.455930994313
0.456488964827
0.457483316551
0.457506245972
0.459120159268
0.459152989449
0.459242339429
0.459286485108
0.459310017758
0.459399709706
0.459635280251
0.459650002228
0.460031082215
0.460228099514
0.46058975983
0.460606460639
0.461170822447
0.462073920505
0.462793743238
0.462801171806
0.46299256701
0.463343520786
0.46362855323
0.464111539513
0.464137998352
0.464153096598
0.464350028019
0.464614015477
0.464786054617
0.465037220815
0.465120498776
0.465145054466
0.46547267025
0.465593921492
0.4657124047
0.465905822515
0.466552605075
0.466720829741
0.46709563582
0.467255798659
0.468968635918
0.469046377785
0.469177849392
0.470129719874
0.47013473612
0.470135758602
0.470189685787
0.471561464102
0.471606136134
0.471702958786
0.471769465117
0.471815299857
0.472142631447
0.472737455591
0.473205749831
0.473264297784
0.473425937637
0.4739072281
0.473994938895
0.475161274651
0.475165828171
0.475480107262
0.475568499877
0.475948832077
0.476130596733
0.476156247203
0.476718165078
0.476822472608
0.477019471342
0.477026312604
0.477142686887
0.477249432959
0.477309902171
0.477422529332
0.47750106896
0.478033496876
0.478758036892
0.478984068391
0.479810690336
0.480082906283
0.480397744395
0.480591419924
0.480907804787
0.480989148425
0.481127261874
0.481537051611
0.481652597679
0.481713720936
0.482291655727
0.482409130478
0.482543046927
0.482819430299
0.482931182344
0.483410183738
0.485246918256
0.485456698446
0.485851915212
0.487572350896
0.488241302743
0.488323953842
0.488729601828
0.489313819023
0.489591281713
0.490570582857
0.490627416793
0.491314624509
0.491332214126
0.491551122697
0.491655614
0.491765021431
0.491902563881
0.491951510715
0.492814201875
0.493465312029
0.494485358505
0.495551437985
0.495644681755
0.495690181516
0.495757081367
0.496189927649
0.496357913159
0.496886781741
0.498127633727
0.498240850579
0.498378475266
0.498753918021
0.498998373569
0.499876961062
0.499984449449
0.500037038436
0.500194998096
0.500690978104
0.50155204233
0.502073258936
0.502746323742
0.502794979988
0.503206633545
0.504063804805
0.504128133001
0.505587186646
0.505955791349
0.50651132212
0.506573641417
0.506771171205
0.506902066484
0.507554339312
0.509157873373
0.5109043685
0.511374581473
0.511724488602
0.512900793191
0.51331558647
0.514223016362
0.515035814091
0.516238712107
0.516602031566
0.516717496751
0.517086356622
0.518445702001
0.518712454852
0.519855974203
0.52040249199
0.52092426225
0.521072539678
0.521268770274
0.521341358804
0.521872295357
0.522141527482
0.522149425511
0.522190611833
0.522225848633
0.522592024894
0.522982294898
0.523995153822
0.524010344768
0.524882684541
0.524985884551
0.52565978879
0.526070635303
0.526154680691
0.526561351277
0.527130596052
0.528205564476
0.528408740191
0.52929962163
0.530060326533
0.530142404536
0.530682604126
0.530692234314
0.531377123726
0.532294370995
0.532462301509
0.532580789559
0.532641720283
0.53369781363
0.534226544536
0.534376619324
0.535468769472
0.535907703755
0.536487260673
0.536897600962
0.538847455097
0.538848752502
0.540354023406
0.540666355767
0.541037199849
0.541112828195
0.54112859758
0.542458378802
0.542463048593
0.54335349124
0.54447493443
0.545035262393
0.545222225483
0.54568601067
0.546055786584
0.546088881914
0.546443795762
0.546541294741
0.546700952405
0.547170060552
0.547219088576
0.547374861072
0.547783266838
0.54806158458
0.548155950634
0.548430562694
0.548458901477
0.548888207972
0.549715865043
0.549833824261
0.550673590221
0.55110559045
0.551709181591
0.552434303078
0.552761195313
0.552845512004
0.553504917728
0.554907018406
0.555306758837
0.555378110067
0.557028229544
0.557084329833
0.557285194075
0.557597277937
0.557790613762
0.55849586812
0.55849775523
0.558621990616
0.558994031243
0.559243157889
0.559281728035
0.559680228922
0.559858519823
0.559926465392
0.559963421316
0.561099643115
0.561697515209
0.561943999095
0.562326526144
0.562655088375
0.563058206724
0.563444895661
0.563688687497
0.564437580554
0.564463284177
0.564476130043
0.564877171404
0.564975495951
0.565129231761
0.565385613359
0.565387700853
0.566454144802
0.566467656671
0.566948171213
0.568890579515
0.569293335872
0.56965853149
0.569836925484
0.57060040274
0.570682587963
0.570916549677
0.570933693417
0.571584611558
0.571700990426
0.572552520877
0.572644872615
0.573811991425
0.574210037174
0.57614231087
0.576375013571
0.576604411666
0.576634862885
0.576677500662
0.576817849392
0.577176267044
0.577289821508
0.577708336077
0.577906921523
0.57810638948
0.578565841994
0.579158410338
0.579199977108
0.579383500777
0.580776938853
0.581003255181
0.581366700486
0.581981725464
0.58295044345
0.583710313848
0.585420886598
0.585552346524
0.586112143486
0.587220396404
0.587744107956
0.587879408949
0.587894211337
0.588124827001
0.588352294954
0.589479991788
0.589627244077
0.589867368027
0.590154903434
0.590277796991
0.591061088423
0.59106534335
0.591464360254
0.591553994974
0.592446230279
0.592645018986
0.593254140431
0.594187454346
0.594616123093
0.594890980365
0.59496994628
0.595562408758
0.595743026011
0.596819213044
0.597285798666
0.597662071743
0.597710962021
0.598642122832
0.599679645465
0.600187551106
0.600475121587
0.600764427477
0.601070266372
0.601385292991
0.601699508626
0.602292285199
0.603167588377
0.603567338289
0.603983393829
0.604721193202
0.605042302517
0.605519986846
0.606026184726
0.606958853008
0.607194561879
0.607530627696
0.608074348535
0.608629828331
0.608922022604
0.609156761656
0.609447836485
0.6101500609
0.610173861798
0.610452239123
0.611388052581
0.611604145067
0.611733536169
0.613114724072
0.613877750355
0.614271981313
0.615026228446
0.615294197473
0.615467460037
0.615488418963
0.615832807996
0.616270836592
0.618142804632
0.618468994103
0.618550662597
0.618973579257
0.619824728736
0.619936914661
0.620409700559
0.620630011944
0.620762272793
0.621053054804
0.6210660779
0.621685155535
0.621987652772
0.62235490106
0.622625749946
0.623590572474
0.623678389974
0.623818575024
0.623845494336
0.624585174412
0.624910220771
0.625029114825
0.625030595764
0.625238264477
0.625327648446
0.626055350973
0.626088556747
0.628210370972
0.628233607998
0.628312030553
0.628629194061
0.628675979681
0.628689908005
0.628777129548
0.629661224141
0.629889726982
0.631206011626
0.632113751969
0.632826599283
0.632908497916
0.633035419897
0.634653479373
0.634808214381
0.634999048374
0.636201420204
0.637192763183
0.637492107517
0.637518368728
0.637830514348
0.638041402856
0.638318768712
0.640434482405
0.640551233111
0.641303838478
0.641828299844
0.642667448794
0.64288607296
0.644104650666
0.645193818968
0.645196190826
0.645524214867
0.645586802827
0.646253901646
0.646601561341
0.647053452183
0.647354995973
0.647498941217
0.647879373516
0.648956128398
0.649144933923
0.649288525891
0.649789152211
0.651452782268
0.651632810039
0.651814693481
0.651947630543
0.652166832071
0.652236026142
0.652261849491
0.652794876152
0.653100679877
0.653254650485
0.65419226661
0.654630850379
0.655152744648
0.655304979808
0.655982570493
0.656160161816
0.656343739908
0.656844358995
0.656886150066
0.657245998685
0.657787773455
0.658237832677
0.658334258783
0.65857623732
0.658882806483
0.658945943855
0.66008444214
0.660646912386
0.660940873189
0.661157747016
0.661160040043
0.661611312255
0.662492948878
0.662904055216
0.663037334329
0.66364777144
0.663922068985
0.66425082497
0.664381389635
0.66453248891
0.665056268352
0.665295262508
0.665942011121
0.666951219206
0.668282594314
0.669071109626
0.669555550283
0.669664360952
0.670357870134
0.671617358943
0.671664337904
0.672329428835
0.672375651862
0.672539290538
0.672635179505
0.672706038363
0.67303243706
0.6734814137
0.673991226887
0.674194951823
0.674570071614
0.675054215169
0.675341150217
0.675782313532
0.675858256616
0.676144442945
0.676289281482
0.676328402058
0.676488934863
0.677145312066
0.677350368599
0.677574471904
0.677626606438
0.677692687463
0.678109522208
0.678493348958
0.678894881775
0.679120698086
0.679520612631
0.679872572402
0.679900552457
0.680035236797
0.680202620282
0.680457474948
0.68070351955
0.680914768949
0.68120576559
0.68155209379
0.681570564655
0.681715424898
0.681929666622
0.682141659919
0.684338996163
0.684426937116
0.68574488797
0.686443641678
0.687148290864
0.688744419408
0.691110713121
0.692361109515
0.69238734978
0.692444492715
0.692578436505
0.693194005139
0.694242228389
0.695686607569
0.697394253651
0.697760636391
0.699004263217
0.699069039384
0.699652715331
0.699857719436
0.701114066255
0.701201026746
0.701629820294
0.701947205125
0.702710228973
0.702892380714
0.703109502084
0.704844250707
0.704873038413
0.705061214076
0.70530595144
0.705415725298
0.706190391394
0.706290286933
0.7067374625
0.707521435414
0.70783733389
0.708554141778
0.709184160391
0.709996369049
0.7100154739
0.710195636925
0.710202902425
0.71070496404
0.711202471216
0.711234203535
0.712507367152
0.712733504268
0.712920849874
0.713534844939
0.713928394743
0.714010750823
0.714089131108
0.715667043769
0.71625917702
0.716815798699
0.717438419889
0.717602314039
0.717770309066
0.717869544409
0.718128670971
0.719180773409
0.719364160619
0.719669721201
0.72018950301
0.720435338468
0.720593189015
0.721198237963
0.721322042592
0.721832930314
0.722344454596
0.723301856653
0.723368525353
0.723982080139
0.724322752689
0.72479505867
0.72496127522
0.725465083294
0.725725248052
0.72581835479
0.726559396727
0.727378546113
0.727521570502
0.727796165243
0.727854811116
0.728259370027
0.728672948954
0.729236336387
0.729549165299
0.729604432503
0.730179895236
0.730811020876
0.73150161843
0.731895454302
0.732144717555
0.732745857644
0.733815312578
0.734127304996
0.734651419689
0.734782237381
0.736612580233
0.736926996777
0.737462527616
0.737517739754
0.737686731773
0.738943356591
0.73923638888
0.739383717932
0.739429606468
0.73978397462
0.740210084405
0.74024506955
0.740723025329
0.740976105384
0.741206068258
0.741902713957
0.742027038835
0.742192817575
0.742941291286
0.743216350869
0.744206946231
0.744552472431
0.744653048036
0.744690615702
0.74502640344
0.745576735994
0.74689144215
0.747858061477
0.748617398151
0.748645742688
0.748734849466
0.74897902193
0.749757295349
0.749771534384
0.749972348924
0.750233791127
0.750318502921
0.750653097692
0.751002178335
0.751414325029
0.752102018112
0.753265735572
0.754553179003
0.754904322388
0.755748809314
0.755752807111
0.755916469099
0.756170489574
0.756688710287
0.757038480284
0.757391748736
0.757694144988
0.758105016096
0.758760720389
0.760165067845
0.760273875715
0.760809717689
0.760889774175
0.761228422647
0.761846458972
0.762074929543
0.762642523609
0.763582840635
0.764065964741
0.764102400089
0.764216325505
0.764389712779
0.764886130982
0.765006700895
0.765422616091
0.7655596846
0.766111720023
0.76700642854
0.767456237956
0.767643784695
0.767678360591
0.767934080346
0.768639738793
0.768758043342
0.768782906805
0.768866635401
0.769107963001
0.770104744513
0.77070423427
0.771446068188
0.772094456301
0.772890862691
0.773126621632
0.773560574902
0.773701707864
0.773979152834
0.774030375373
0.774740994745
0.774805126845
0.775095451623
0.775123214863
0.776282031945
0.776455642783
0.7773258408
0.777617870214
0.777671505683
0.777774804134
0.779213575834
0.779502424091
0.780193841413
0.780271343133
0.78032297675
0.780516716557
0.780655893393
0.782326668726
0.783363695803
0.783373082467
0.783664544046
0.783757415674
0.783778039701
0.784045388315
0.784348466
0.785335783984
0.785941934422
0.786433342013
0.787187665618
0.787295895764
0.78745978557
0.787839096944
0.787865132724
0.787928162695
0.788469190549
0.788519462091
0.788858887761
0.790743179761
0.790903936021
0.790918392308
0.791722489245
0.792606314426
0.792838276073
0.793027006773
0.793723843267
0.793777290096
0.79387166057
0.793970871765
0.795278357614
0.795696966712
0.796577857954
0.796869890224
0.79807150027
0.798193244793
0.799081046651
0.799935488313
0.800443819861
0.801476932737
0.802100939411
0.803139355074
0.803697432218
0.803720747772
0.803964791759
0.804023756623
0.804250292876
0.804462449274
0.80670509771
0.806770684021
0.80720484675
0.808039666141
0.808186990968
0.808500547182
0.80892031901
0.809609850907
0.809614628537
0.810186091004
0.810462763366
0.8107065732
0.811614247821
0.812449806174
0.813063810296
0.813378601499
0.813421873023
0.813549712296
0.814331602963
0.815200019087
0.815860184013
0.816077903707
0.816147823844
0.816172068375
0.816293915912
0.816915177105
0.81712990957
0.817457593385
0.817515719553
0.818342055379
0.818763036607
0.819107521063
0.81951931003
0.820594811562
0.82074655635
0.820874416629
0.821654340486
0.823480015009
0.823526803764
0.823616868668
0.823797377523
0.824119370228
0.824254016892
0.824540503638
0.824963082084
0.825024221723
0.825630361488
0.8259082734
0.82628655354
0.826869651621
0.827076013318
0.827416802304
0.827863370297
0.828319245766
0.829386422743
0.829464445637
0.830155622282
0.830238563098
0.830398978028
0.831753390497
0.831821133369
0.832590699792
0.832772637163
0.833283709837
0.833977711703
0.834397345751
0.835568748984
0.836076210232
0.83640326713
0.836876862443
0.837223829069
0.838361396689
0.838474082678
0.838890298912
0.839607421256
0.840043826774
0.840778863913
0.841221677428
0.841391447518
0.84337490819
0.843826674166
0.844441144481
0.84494322433
0.844945573713
0.84520485568
0.845347017717
0.845711865587
0.845732333381
0.845887704411
0.846351826968
0.84646058598
0.847590848099
0.849165956698
0.849708559489
0.850549883976
0.850841440652
0.851690611522
0.851869120176
0.852088463393
0.852194434463
0.852355419606
0.852981561468
0.85367073813
0.854056138261
0.854806009076
0.856465478995
0.856612751364
0.856757027528
0.856830254547
0.857104285749
0.857668849633
0.857997412166
0.859275536604
0.860614152143
0.860978347418
0.861612458599
0.862378895447
0.86297626594
0.8631932279
0.863730845319
0.864195146156
0.864607623982
0.864660010023
0.864721640215
0.86543662254
0.865570867404
0.866003647821
0.866241763744
0.866276604674
0.866285684645
0.866910699551
0.867378597803
0.868426035832
0.868699948736
0.868919170019
0.869555013787
0.870010254457
0.870203255932
0.870343768547
0.870454418053
0.870942116603
0.870958432564
0.871081612863
0.871222648402
0.87144055542
0.872432869612
0.872943184262
0.87324945609
0.873788480346
0.87381232131
0.874256850138
0.875681713103
0.876817338022
0.876955369702
0.877373251488
0.877583392774
0.877755229457
0.878612306269
0.878733090406
0.879677897261
0.880124315571
0.880577607745
0.881021468936
0.881167146422
0.881318364003
0.881596956991
0.881954016157
0.882453371691
0.882469709086
0.883040978527
0.883323343243
0.883763740167
0.884201774544
0.884366976369
0.885391572802
0.885628928011
0.886048469088
0.88606262981
0.886236076878
0.886363491684
0.8864695002
0.886664546207
0.886960973497
0.887832711253
0.888452779238
0.888657723301
0.889287993321
0.889983058365
0.889990087102
0.891346270502
0.891892584256
0.892089748909
0.892326108693
0.892350107759
0.89241839242
0.892672857629
0.892713194967
0.892918323519
0.893253020437
0.893985321089
0.894027874016
0.894913384249
0.894997552527
0.895523784418
0.895551006879
0.896020168715
0.89620415545
0.896574002968
0.896576612255
0.896684105206
0.897323057221
0.897391736536
0.898047685578
0.901040799054
0.901095805174
0.901180947664
0.901569264395
0.902307350256
0.90247809693
0.902640246303
0.903854910337
0.904079632624
0.904907199604
0.904982123441
0.90586854987
0.906093574408
0.906104641443
0.906252680381
0.906476215305
0.906752880753
0.906799453113
0.906859088166
0.907061561027
0.907093520191
0.90753521269
0.908359908823
0.90902559526
0.909163180478
0.909912696129
0.910040606577
0.910800983254
0.910827878668
0.911379535426
0.911551214489
0.911643177684
0.911730238409
0.912440019137
0.913935859245
0.914897404973
0.914925120907
0.916068107522
0.916628018913
0.916713007205
0.917291289575
0.918242474943
0.918753739665
0.918933064478
0.919233457449
0.919426903586
0.922408123235
0.922506382122
0.922743370573
0.922967733031
0.925077743571
0.927088949935
0.92715639144
0.927252138114
0.927317593728
0.927546176443
0.92755305865
0.928189835981
0.92823810819
0.928657983037
0.928671867163
0.929207016718
0.929556340967
0.931334469564
0.932136877007
0.93235720251
0.93253943466
0.935015126573
0.935395926798
0.935539787551
0.935565979231
0.935837132288
0.936932280269
0.937514753907
0.93796481023
0.938296693259
0.939009274367
0.939812616917
0.940159775061
0.941203846338
0.941240497724
0.942125813281
0.943103366925
0.943312318679
0.943375863909
0.943376421417
0.943552386178
0.943563219388
0.943688839218
0.943697823688
0.94426066763
0.944789585926
0.945465003489
0.946887167515
0.947002329843
0.947230990072
0.947599629773
0.948109539483
0.948175178493
0.948796856588
0.948898468383
0.949210825287
0.949835696305
0.950345532802
0.950372529229
0.950658755018
0.950995442954
0.95270877473
0.952772367968
0.952881543616
0.953490858211
0.953884706348
0.954500540959
0.954534174504
0.954789524623
0.955817576823
0.956628045138
0.95692757681
0.957723202157
0.957725268791
0.957944516348
0.958958075575
0.959068439016
0.959137124022
0.959593448337
0.959644562538
0.959974937269
0.960253141266
0.960429684722
0.960633647935
0.960666314894
0.961436055702
0.961772627451
0.962138978667
0.963017942861
0.964647013458
0.964800054387
0.965026449899
0.965568959699
0.965781939164
0.965851346829
0.966211381241
0.966958829497
0.968125672115
0.968163823235
0.968958979071
0.969820340802
0.970046355449
0.97036141971
0.970915479783
0.970996532209
0.971623737004
0.973379163142
0.973381497111
0.97364305627
0.973843146753
0.974254200818
0.974351743444
0.975226298473
0.975741659867
0.976230435639
0.977450757583
0.977513558366
0.978166856475
0.978263865746
0.978388420094
0.978394047895
0.978455505531
0.978878390555
0.979072493848
0.980190108649
0.980227687832
0.98189988776
0.981940749235
0.982061869213
0.982826193164
0.983036001115
0.983478258981
0.983673279335
0.983834449656
0.983987145484
0.985134656715
0.98519944777
0.985213748187
0.985618688921
0.985855543249
0.986518335855
0.986747360028
0.987739986524
0.989358349043
0.989497751792
0.990211589582
0.990544036477
0.990978940811
0.991605022118
0.991868861538
0.992000935515
0.992241866894
0.992277319762
0.99258839596
0.99278165172
0.993013163363
0.993260314626
0.99369922489
0.994291991509
0.994329407337
0.994774590831
0.995279467122
0.995349908862
0.995409151146
0.996266282327
0.996898014882
0.997361130392
0.99747725292
0.997955849786
0.998708226396
0.998847127391
0.99906433439
0.999068741503
0.999468534173
0.99993545416
1.00009087446
1.00053789586
1.00088045705
1.0009539819
1.00106634164
1.00193858357
1.00239022124
1.00468545564
1.00523549993
1.00531898059
1.00547551967
1.0081590708
1.00921108732
1.01143499711
1.01291492886
1.01315246992
1.01322015529
1.01375976331
1.01391035917
1.01416322355
1.01514729497
1.0155395416
1.01690370533
1.01708878299
1.01818333565
1.01987276788
1.02019170108
1.02065300125
1.02118742874
1.02249885607
1.02297306093
1.02326027399
1.02354291723
1.0241787688
1.02513235575
1.0251771552
1.02533989111
1.02604963181
1.02609483008
1.02609804021
1.0269326179
1.0285666562
1.02937256717
1.02940414055
1.03031240237
1.03186033639
1.03296752407
1.03346520256
1.03348040539
1.03365760111
1.03388955967
1.03395099662
1.03399936361
1.03491203614
1.03510970248
1.03631012537
1.03637805168
1.03684600804
1.03686246132
1.03698797067
1.03716200221
1.03821898673
1.03887442789
1.03959917226
1.03960553317
1.0396976687
1.03982784948
1.04003281882
1.04064687623
1.04118529617
1.04154871238
1.04179188937
1.04180391572
1.04195634538
1.04205716505
1.0431000616
1.04342983352
1.04536652639
1.04550752443
1.04580267124
1.04666401193
1.04730243026
1.0496828976
1.05000554095
1.05180021589
1.05217861363
1.05268535216
1.05391120891
1.05449209247
1.05549305812
1.05702012326
1.05742466979
1.05793595493
1.05921474402
1.05947336473
1.05996854622
1.06033942377
1.0610015962
1.06175843364
1.06258346012
1.06266075518
1.06267748467
1.06293439464
1.06341558821
1.06393527607
1.06421028287
1.0653444115
1.06563794686
1.06802262453
1.06829092315
1.06859978439
1.06918275254
1.06961686686
1.07023470641
1.07125228996
1.07285344024
1.07334705129
1.07497805754
1.07600613988
1.0768655745
1.07726935431
1.07767863598
1.07773972833
1.07789599672
1.07822422897
1.07835281299
1.07867342561
1.07922448393
1.07991323032
1.08023896674
1.08103226115
1.08131138297
1.08179911772
1.08292138018
1.08318013136
1.08358758211
1.0837114346
1.08419908106
1.08438423165
1.0846396721
1.08485725761
1.08496643029
1.08606892677
1.08619295745
1.08644244793
1.08698561235
1.08703679257
1.08704763514
1.08730296401
1.08771761169
1.087735928
1.08865667571
1.09053299884
1.09057798838
1.09058268165
1.09066770538
1.09162537095
1.09176460744
1.09248143494
1.09294304149
1.09405436057
1.09445880806
1.09492149439
1.09756604584
1.09867250753
1.09867901102
1.09885545626
1.09888937298
1.09933195799
1.09938731133
1.09963268857
1.09963620736
1.10142699633
1.10216798528
1.10232890628
1.10251715535
1.10275824024
1.10309188267
1.10347948866
1.10413131303
1.10423758699
1.1043176528
1.10475173099
1.10487899333
1.10605981116
1.10638966637
1.10639917439
1.10643287342
1.10644609309
1.10684724254
1.10743021321
1.10821389184
1.10901250595
1.10985074829
1.10987694711
1.11185885561
1.11258851901
1.11439528638
1.11528356399
1.11531397637
1.11786101629
1.11826797084
1.11844006878
1.11861140752
1.1193762054
1.11950613389
1.11978531618
1.12017048824
1.12081003209
1.12088902554
1.12116854072
1.12155685391
1.12156770652
1.12204341035
1.12215112126
1.12238749099
1.12312321451
1.12326261003
1.12354250874
1.12423156952
1.1244317385
1.12567769437
1.12591859731
1.12600561851
1.12625542729
1.12646626445
1.12707867514
1.1271782834
1.12831303457
1.12872367508
1.13048952651
1.13064811639
1.13097345851
1.13103412678
1.13110089662
1.13128761641
1.13134337043
1.13169312045
1.13180192361
1.1318292279
1.13217173102
1.1321729281
1.13248723006
1.13294339989
1.13340691318
1.13402520987
1.13475787638
1.13480256659
1.13535480661
1.13563392722
1.13605367371
1.13611999247
1.13761995637
1.1378543147
1.13793867149
1.13804584357
1.13809673765
1.13847045973
1.1387814555
1.13905496393
1.13969305525
1.14012602649
1.14042441909
1.14099659527
1.14109689452
1.14170781673
1.14323817696
1.14346995693
1.14488782877
1.14546758322
1.14594704593
1.14646931383
1.14653521213
1.14665209886
1.14698985173
1.14773172347
1.14816416235
1.14922703654
1.14968014425
1.15034835103
1.15045589767
1.15109457244
1.1511716377
1.15132378373
1.1515407436
1.15157911333
1.15169814394
1.15269578411
1.15388731919
1.1539763233
1.15458245474
1.15478964187
1.15518264553
1.15708993011
1.1578046303
1.15787694433
1.15971027769
1.16042156173
1.16051748278
1.16068919047
1.16087558929
1.16103444068
1.16187124958
1.16199460578
1.16217915105
1.16229561405
1.16234751892
1.16240872377
1.16284096858
1.16320646178
1.16321782654
1.16330167733
1.16479830785
1.1655387444
1.16662163132
1.16710579112
1.168466178
1.16898427886
1.1695646111
1.1703984774
1.17113230227
1.17148546068
1.17152566308
1.17197209479
1.17343397083
1.17347911282
1.17391861339
1.17399132523
1.17438708013
1.1756674331
1.1757686939
1.17636717173
1.1765471987
1.17818612303
1.17859220801
1.17941668277
1.18002119966
1.18079362665
1.18086382904
1.18127263933
1.18172404241
1.18202088008
1.18218390571
1.18395371354
1.18403417083
1.18417074352
1.18418822168
1.18442933528
1.18516361832
1.18604388568
1.18607860545
1.18674132608
1.18716310179
1.18789066245
1.18821391593
1.18861508492
1.18861896778
1.1895388189
1.18980385246
1.18997443202
1.19011423942
1.19050106415
1.19068968834
1.19082336568
1.191510626
1.19167530302
1.19193908141
1.19231142671
1.19262545521
1.19339547938
1.19381839773
1.1940501821
1.19411790724
1.19485169607
1.19521830082
1.19604487837
1.19802100975
1.19845968932
1.19885053467
1.20002902803
1.20020030059
1.20035856186
1.20072659858
1.20151896951
1.20157567012
1.20173866233
1.2029293479
1.20342962435
1.20390069417
1.20396845194
1.20454384799
1.20654357663
1.20693466339
1.20710688131
1.20811599112
1.20812071119
1.20824442357
1.20885370147
1.20973670837
1.21029793275
1.21064469557
1.21116967186
1.21157054035
1.213954745
1.21495845617
1.21499047968
1.2154064904
1.21554860357
1.21572994261
1.21617134158
1.21658119648
1.2169701911
1.2176439834
1.21817322679
1.21821514371
1.21861686212
1.21891086965
1.21895990678
1.21909447352
1.21962758298
1.22035410486
1.22101056587
1.22102665647
1.22182946002
1.22194999566
1.22227565496
1.22317078462
1.22346017781
1.22446984265
1.22507560737
1.22523395378
1.22533144336
1.22564447155
1.22679037452
1.22682745825
1.22711412027
1.22766875061
1.22819486374
1.22856026852
1.22881326362
1.22958815156
1.22966215936
1.23059756671
1.23171791311
1.23177884297
1.23180831474
1.23220604286
1.23286294897
1.23288698113
1.2330110113
1.23515517344
1.23543601164
1.2355006913
1.23596334219
1.23612985103
1.23627230519
1.23677705838
1.23753988946
1.23861526525
1.23885212785
1.23903049555
1.2399716656
1.24071578054
1.24119880031
1.2414167563
1.24303302043
1.24340556381
1.24344022159
1.24379688047
1.24564766492
1.24570411215
1.24598046421
1.24609772396
1.24701679728
1.2472449561
1.24762966787
1.24786910404
1.24799696239
1.24880146236
1.24900191472
1.25017750584
1.25068887228
1.25177175807
1.2522661043
1.25275799785
1.25308499261
1.25312160773
1.25412988485
1.25434555976
1.25531906123
1.25549668948
1.25624272155
1.25715211488
1.25723365679
1.25740761399
1.25743015855
1.25749375837
1.25800746683
1.25835137558
1.25952488759
1.26077765144
1.26121763307
1.26163645778
1.26165131001
1.26307845881
1.26314560827
1.26318322111
1.26352171569
1.26361287737
1.2636597243
1.26370026611
1.26469316437
1.26608188502
1.26855025033
1.27000274216
1.27003803505
1.27165166528
1.27217607965
1.27300200447
1.27354178268
1.27397671721
1.274018875
1.27417361848
1.27523912669
1.27577004297
1.27601122667
1.27648277472
1.27717113425
1.27738751801
1.27828151229
1.27836908789
1.2790276286
1.28108855537
1.2813142769
1.28181027632
1.28238864094
1.28250715835
1.28274033049
1.28335125463
1.28370109521
1.28412532238
1.28471375055
1.28547515085
1.28658190843
1.28724616542
1.28748193029
1.28754668264
1.28837360659
1.28899425165
1.2895303152
1.28975287219
1.2904120424
1.29045067707
1.2906427986
1.29112667047
1.29169748942
1.29213300743
1.29350667235
1.29383628332
1.29537222231
1.29607214541
1.29612998763
1.29646527354
1.29661567923
1.29686703685
1.29766269804
1.29868515916
1.29986961816
1.30043219641
1.30054469504
1.30197043406
1.30284149208
1.30360782773
1.30468305739
1.30490830314
1.305356566
1.30602446885
1.30720384852
1.30768826583
1.30920547408
1.30934785968
1.30947773361
1.30955870146
1.31093613712
1.31121581563
1.31153167954
1.31184758854
1.31194865767
1.31198883141
1.31207619435
1.31395632869
1.3146873777
1.31487643909
1.31536738764
1.31569853343
1.31707597819
1.31806425115
1.31809306854
1.31870238457
1.31939844327
1.31985423948
1.32142517704
1.32145760842
1.32177065168
1.32220363058
1.32360900087
1.32417887182
1.32426716714
1.32771640179
1.3277852898
1.32809650785
1.32826788514
1.32849488198
1.33042671308
1.33114222772
1.3316682944
1.33311742659
1.33343607507
1.33355225864
1.3336202562
1.3364190583
1.33658089212
1.33699735161
1.33733745719
1.33734112314
1.33794297191
1.33835635985
1.33836252725
1.3386355209
1.33880658114
1.3388346404
1.3401061268
1.34033806386
1.34071564507
1.34082626937
1.34097212056
1.34122967275
1.34214231363
1.34428963457
1.34482353678
1.3464027368
1.34713843414
1.34735402411
1.34834491544
1.34838904204
1.34913680286
1.35008346957
1.35106543355
1.35218637853
1.35405067637
1.35450745413
1.35476524727
1.35582333004
1.35646383194
1.35670772082
1.35704580774
1.35805693234
1.35823545002
1.35939773442
1.35966481943
1.35973929913
1.36066872522
1.36130769682
1.36201705284
1.36258811553
1.36358124273
1.36493612666
1.36506958571
1.36579276175
1.36691219787
1.36704094144
1.36758811313
1.36765507069
1.36873174321
1.36876569066
1.36928777648
1.36961322742
1.36996634534
1.37075802481
1.37200157568
1.37405300009
1.37484245078
1.37567296452
1.37634283485
1.3771536003
1.37750185835
1.37797799075
1.3783634876
1.37857257885
1.3791707006
1.37972737294
1.38120113096
1.38312469103
1.38415258834
1.38445492814
1.38515752993
1.38528330464
1.38565531215
1.38647014173
1.38651362727
1.38697166826
1.38811135676
1.38895703225
1.38964169207
1.38997913594
1.39017924593
1.39109006102
1.39185187324
1.39206505474
1.3922287728
1.39230879202
1.39275531208
1.39275880006
1.39314314874
1.39458862736
1.39591000625
1.39688508185
1.39695507812
1.39738390466
1.39741655772
1.39841626602
1.39922611233
1.39968418071
1.39985163412
1.40026612042
1.4027887856
1.40301273958
1.40330441121
1.40332869101
1.40406945746
1.40452064275
1.40578766585
1.40587834002
1.40667667587
1.40791368809
1.4083824696
1.40844311222
1.4085049833
1.40881125373
1.40956801768
1.412423973
1.4128982158
1.4135301849
1.41372154919
1.41378383995
1.41396114057
1.41490031503
1.41613782154
1.41617055468
1.41628807168
1.41635318878
1.41694578509
1.41710905932
1.41722495003
1.41763350957
1.41821362268
1.41859738714
1.41862564956
1.41984471634
1.4203809334
1.42102504928
1.42235620056
1.42247952368
1.42315668657
1.42322583493
1.42398437109
1.42468853184
1.42485928721
1.42492347497
1.42616124572
1.42786770593
1.42894468227
1.42941436037
1.43015016251
1.43026095394
1.43063413073
1.43327473882
1.43359017966
1.43482625277
1.43489876332
1.43497992776
1.43504653303
1.43681132598
1.43721209146
1.43809957217
1.43919132782
1.43951124144
1.43994552544
1.44102926164
1.44113022215
1.44120060462
1.44194024754
1.44212329492
1.44257271837
1.44318330159
1.4449488228
1.44538411411
1.44554047381
1.44586175555
1.44624627144
1.44687714335
1.4474646424
1.44777509542
1.44793947625
1.4484721053
1.44867885497
1.44876038468
1.44918481658
1.44934232764
1.44950124034
1.45053855914
1.45058491914
1.45059857257
1.45152616967
1.45156879041
1.45280687622
1.45585549973
1.45615162985
1.45625694356
1.4588693384
1.45943352472
1.45984314087
1.45992698661
1.4604986446
1.46060892894
1.46137760986
1.46216884566
1.46271303659
1.46291647119
1.46302647569
1.46317726994
1.46348434453
1.46372970527
1.46460084074
1.4655030949
1.46590334958
1.46643366359
1.46684063681
1.4673169502
1.46746100277
1.46752455
1.46786875686
1.46879924569
1.46946368945
1.46947619929
1.46966995834
1.46990145327
1.47221106652
1.47303310652
1.4730712166
1.47361778915
1.47485611978
1.47590855956
1.4768068586
1.4777158041
1.47884566934
1.47887061603
1.47912066875
1.48001445416
1.48108142465
1.48132053371
1.48164381128
1.48235523808
1.48259223692
1.48321434437
1.48432098686
1.48760618331
1.48860104204
1.48904007634
1.48912071873
1.49014609989
1.49038141263
1.4904471042
1.49108730607
1.4919947447
1.49225806263
1.49266117442
1.49286130231
1.49366804765
1.49394048871
1.49433131094
1.49495624432
1.49543740945
1.49615845031
1.49854898746
1.5003063908
1.50207769307
1.50218569525
1.50249459709
1.50336194546
1.50433680504
1.5047034914
1.50594308329
1.50724204109
1.50784716978
1.50831769786
1.50925890452
1.50951349357
1.50991285271
1.51083239862
1.51223647743
1.51270761693
1.51280701557
1.51346023753
1.51400789884
1.51442630053
1.51542102555
1.51613232788
1.51614371022
1.51614975162
1.51656498499
1.51670017573
1.51849759783
1.51939046817
1.51955277788
1.52085089892
1.52202350882
1.52215866708
1.52216164414
1.52281138136
1.523553709
1.52476362154
1.52498181987
1.52501793252
1.52536417547
1.5253863548
1.52555222964
1.52682929127
1.52712203496
1.528727679
1.52985376446
1.53024978138
1.53044056434
1.53092933682
1.53176170852
1.53258100875
1.53312901301
1.53325276502
1.53333136197
1.53444664391
1.53630273535
1.53677051296
1.53884627552
1.5394704747
1.53973211541
1.539874492
1.54080542451
1.54162522154
1.54165737167
1.54176084241
1.5417627922
1.54276785148
1.54276975826
1.54346158803
1.54441449535
1.54504175835
1.54550117585
1.54600556789
1.54631128847
1.5489503149
1.5495898246
1.55046084291
1.55093966775
1.55130276627
1.55168891872
1.5550346522
1.55688733703
1.55738217977
1.55811960089
1.56076382111
1.56078625127
1.56122793805
1.56241103922
1.56247611533
1.56337991497
1.56376060169
1.5638230532
1.56475627397
1.56491106412
1.56647875187
1.56651360254
1.56688721574
1.56690257871
1.56703988814
1.56731058551
1.56754534401
1.567870947
1.56836153545
1.56934536724
1.56993168596
1.57048376471
1.57078012897
1.57091974513
1.57297050094
1.57375631115
1.57394094778
1.57462126118
1.57592125628
1.5760987216
1.57674295757
1.57862155524
1.57903427337
1.57907072233
1.57929881001
1.58321300353
1.58342417172
1.58433768847
1.58444841411
1.58449125195
1.58586449026
1.58745308216
1.58946331935
1.590007504
1.59100779912
1.59125580568
1.59371114838
1.59437689365
1.59438447547
1.59523247726
1.59688141623
1.59746248215
1.59772711005
1.597878177
1.59847553118
1.59892361858
1.59895059993
1.60143539492
1.60221613244
1.60420374577
1.60445170306
1.60469130784
1.60478149361
1.60509889868
1.60660815885
1.60681729481
1.60687852142
1.6100851806
1.61008784573
1.61059399416
1.61086775102
1.61279651966
1.61313130997
1.61608451278
1.61634033506
1.6166258004
1.61729794155
1.61735107366
1.61752282777
1.61934676599
1.62069600725
1.62210160606
1.62314172685
1.62382643896
1.62467210624
1.62528776862
1.62615310702
1.62668823269
1.62687659473
1.62887638099
1.62923388739
1.62950496893
1.63044520332
1.63113222345
1.63160200174
1.6320515472
1.63326040696
1.63333394022
1.63336020115
1.63376838408
1.63410331145
1.63546704574
1.63628324792
1.63736982964
1.63856220127
1.6409277941
1.64223225273
1.64311154071
1.64357521809
1.64409260978
1.64418817546
1.64510996098
1.64520096635
1.64644990291
1.64685325839
1.64710720834
1.64729547846
1.6474440781
1.64999403793
1.65120649358
1.65131881617
1.65165516692
1.65252919602
1.65411802567
1.65561548959
1.65569889359
1.65645960402
1.6565795944
1.65681284441
1.65694088659
1.65720132597
1.6575891371
1.65794331568
1.65822861435
1.65983333883
1.66108279067
1.66145678436
1.66228754741
1.6639584572
1.66442984606
1.66462400867
1.66594827276
1.66596518946
1.6669688111
1.66848527163
1.67256316025
1.6731556341
1.6743240327
1.67533887938
1.67610766312
1.67747454195
1.67848052554
1.67927639814
1.67960939878
1.68151246408
1.68235273189
1.68240619865
1.68255285744
1.68427272768
1.684708378
1.68534187762
1.68539276896
1.68639862489
1.68657633321
1.68679780251
1.68769922382
1.6877003041
1.68842773509
1.68907893149
1.6895556684
1.69027555432
1.69141515723
1.69198570082
1.69241081787
1.69312389164
1.69342505187
1.69356897507
1.6953140884
1.69547895735
1.69556642362
1.69643957048
1.69723063029
1.69728181935
1.69785848412
1.69896281692
1.69915589447
1.69971944293
1.69993149437
1.70002911493
1.70006913698
1.70211435067
1.70212170614
1.70217531845
1.70244492121
1.70340299483
1.70362188568
1.70421696525
1.70683573049
1.70734943422
1.70757477098
1.70833739711
1.71044009731
1.7131908637
1.71399006141
1.71402615522
1.71419733762
1.71484602634
1.71492704529
1.71787509995
1.71977231565
1.72015773162
1.72136583167
1.72265519972
1.72293326849
1.72450810012
1.72470653291
1.72479396533
1.72615075498
1.72638707005
1.72799392504
1.72936148537
1.72948097828
1.73039215494
1.73047296586
1.73066630503
1.73120587441
1.73261227616
1.73416586892
1.73562980376
1.73613705346
1.73617485787
1.73635778303
1.73732436559
1.73778689972
1.7400870266
1.74094898402
1.74111579608
1.74293918918
1.74343261396
1.7478710037
1.74893144381
1.749165772
1.75002221688
1.75017458991
1.75221554412
1.75242500869
1.75273125602
1.75380602991
1.75659025497
1.75838776009
1.75848455141
1.75936571149
1.75960102126
1.75967872669
1.75991371583
1.75992164128
1.76047023441
1.76214273039
1.76281294041
1.76364176283
1.76481247669
1.76510368737
1.76545625957
1.76585091906
1.76591793222
1.76629166802
1.76679860998
1.76685133635
1.76685447586
1.76709449574
1.7674619491
1.76769140287
1.76868028788
1.768726477
1.76985304063
1.77079556084
1.77090359942
1.77253997081
1.7730388413
1.77441470779
1.7750386904
1.77556304628
1.77637979561
1.77697914477
1.77767338051
1.7784987144
1.77862999595
1.77926311437
1.77946530408
1.78283798525
1.78309329157
1.78314830835
1.78439883513
1.78454364094
1.78456167521
1.78468205046
1.78531396039
1.78583310512
1.78592650193
1.78602145864
1.78613913521
1.78633239306
1.78806426191
1.78827159049
1.7897368671
1.78992622859
1.79052695605
1.79136172878
1.79253453056
1.79298828069
1.79304801194
1.79337659231
1.79421277222
1.79454693002
1.79685881942
1.7972838448
1.7976118427
1.79883587499
1.79902331328
1.80032547325
1.80259069417
1.80319387497
1.80410564445
1.807339874
1.80806860072
1.80899321099
1.80900055326
1.80950626884
1.80984397515
1.81014257301
1.81056567365
1.8127442427
1.81397622538
1.81484681802
1.81492328133
1.81507291598
1.81564158455
1.81584085203
1.8180311216
1.81902789746
1.81975801394
1.82080517359
1.82118733359
1.82127907495
1.82201797281
1.82290672857
1.82423566857
1.82503799563
1.82554932936
1.82586917972
1.82906158307
1.82920230184
1.82934120291
1.82962497871
1.82990188135
1.83081508424
1.83177609222
1.83241338036
1.83244402359
1.83267560822
1.83271999905
1.83321759425
1.834106281
1.83462582398
1.83514262142
1.8360337466
1.83713174049
1.83920428764
1.83957587788
1.84016148998
1.84102488511
1.84133307553
1.84141167664
1.84157344377
1.8416819578
1.84192553089
1.84200667738
1.8427101751
1.84352931533
1.843554061
1.84391286348
1.84415716155
1.84497707967
1.8483361664
1.84875253564
1.85144095537
1.85189995369
1.85461951701
1.85609973635
1.85646606203
1.85671668658
1.85753666346
1.8592021419
1.8612116704
1.86223433551
1.86237552159
1.86583099977
1.86612581719
1.86763566383
1.86814332929
1.86817449591
1.86852928212
1.86904852361
1.86976081245
1.86981260907
1.87303229031
1.87307315332
1.87407837829
1.87588827944
1.87651725316
1.87655608345
1.87666985737
1.87999086932
1.88070097183
1.88072345663
1.88128666694
1.88234445009
1.88264930793
1.88275167836
1.8833097557
1.88545609219
1.88560598299
1.88568919741
1.88644729493
1.889933619
1.89017739147
1.89031848009
1.89068523393
1.89334614092
1.89641265988
1.89680549998
1.89703276129
1.89713567866
1.89751143446
1.89826032253
1.89883616227
1.89935066396
1.89968347062
1.89989750995
1.90126709399
1.90168495754
1.90193868455
1.90234736378
1.90342103701
1.90507828279
1.90607011322
1.90751199249
1.90794765877
1.9082227125
1.90869446696
1.90905124467
1.90910862329
1.91217202304
1.91306019447
1.91348479156
1.91374284162
1.91489175664
1.91497023576
1.91562395295
1.91778484914
1.91928542285
1.91932177523
1.92059942213
1.92137166559
1.92163850459
1.92169726075
1.92178407449
1.92189974611
1.92235261281
1.92308392491
1.92477803354
1.92495021721
1.92547876178
1.92555811435
1.9258628176
1.9260418408
1.92631472287
1.92663861274
1.92693681122
1.92738902147
1.92949451904
1.92982100565
1.92988675132
1.93081025316
1.93113033215
1.93114070067
1.93202737595
1.93222217886
1.93295213941
1.93391062162
1.93518080044
1.93615831574
1.93685181021
1.93784709391
1.93828102589
1.93885574848
1.93886667772
1.94010706661
1.94072918655
1.9420347254
1.94306405105
1.94454651128
1.94598872907
1.94720409606
1.94809411581
1.94863511438
1.94939247971
1.95065311886
1.9508111792
1.95154242677
1.95253690584
1.95371702359
1.95394161798
1.95597834894
1.9562077985
1.95662812552
1.95728624352
1.95789647501
1.95942865632
1.95987000906
1.96072105767
1.96238282419
1.96353691783
1.96433296488
1.96459692063
1.96581746339
1.96593940105
1.9673568287
1.96768346811
1.96898610459
1.96903224588
1.96925523221
1.96955610333
1.96975237568
1.97003166317
1.97045307405
1.97078579815
1.97118986873
1.97274898875
1.97297675115
1.97312971877
1.97650210269
1.97928603014
1.97952124503
1.98047732277
1.98050684167
1.98101066494
1.98215529644
1.98320389639
1.98324814983
1.98331680423
1.98346553607
1.98478788784
1.98513571829
1.98565197093
1.9859548794
1.98648341602
1.98650326252
1.98663063423
1.98685881871
1.98757416886
1.98787231579
1.98805043494
1.98943148624
1.98951820933
1.99050539446
1.99095007283
1.99115275456
1.99235628088
1.99361435446
1.99389494845
1.9944951594
1.99579556067
1.99605356611
1.99638014404
1.997676087
1.99780093071
1.99820239074
1.9987585455
1.99892966709
1.99903247717
2.00059481225
2.00355977518
2.00439181081
2.00649266928
2.00661283577
2.00672751222
2.00712434052
2.00854044551
2.01117841348
2.01185212368
2.01557472896
2.0176330368
2.01780592245
2.01795106648
2.01816651535
2.01863988878
2.01910269067
2.02024805692
2.02025876948
2.02132858472
2.02180232799
2.02388813068
2.02435338414
2.02458877894
2.02471386404
2.0262333439
2.02667768291
2.02673902264
2.02751192591
2.02928189922
2.0302454815
2.0309457843
2.03235594595
2.03348266427
2.03422005358
2.03423331738
2.03553733688
2.03659617179
2.03667879018
2.04114412145
2.04255354533
2.04288742583
2.04306151147
2.04428100562
2.04492493291
2.04639150726
2.0471420348
2.04792381737
2.04799158352
2.0483646042
2.04902494469
2.04918746391
2.05008891425
2.05149630075
2.05231415727
2.05274742595
2.05359982912
2.05447901975
2.05477684303
2.05533914077
2.060339894
2.06140792103
2.0622755065
2.06237714569
2.06254877083
2.06369256816
2.06502794532
2.06523238634
2.06640176079
2.06651177251
2.06964702272
2.07038894942
2.07123666858
2.07320316732
2.07331915806
2.07465978217
2.07491186502
2.07572095628
2.0770172197
2.0807831928
2.08096012228
2.08234552332
2.08298806645
2.08394136486
2.08409530055
2.08429684379
2.08501010668
2.08509160836
2.08520882128
2.08600373199
2.08813075421
2.08974461226
2.09016158404
2.09210983916
2.09289872646
2.09421474144
2.09459260117
2.09459416375
2.09477078795
2.09819566787
2.09906791945
2.09975085118
2.10069626391
2.10087721649
2.10097032467
2.10430020119
2.10512816534
2.10557015068
2.10598140129
2.10613559506
2.10642076912
2.10740444687
2.10761116509
2.10904189288
2.10911175535
2.10929971737
2.10931510378
2.10985655395
2.11110416815
2.11184999846
2.11345314855
2.11607039854
2.11638032046
2.11713222704
2.12006709724
2.12168337484
2.12209538521
2.12350327835
2.1236690635
2.12564252258
2.12569440471
2.12787484233
2.12902442912
2.12913977452
2.12916846296
2.13221407267
2.13224902909
2.13231702622
2.1329456614
2.13316713403
2.13417265656
2.13435601796
2.13467154979
2.1349836443
2.13529937802
2.13558826578
2.13586141227
2.13737581958
2.13918152872
2.14147053569
2.14191121012
2.14197367645
2.14269751865
2.14416845484
2.14439789628
2.14498860601
2.14514190966
2.14591336653
2.14620059013
2.14678436767
2.14864226019
2.14945116747
2.15105612704
2.15338547712
2.1542662491
2.15463391427
2.15536622882
2.15567449244
2.15614656341
2.15676177036
2.15717978829
2.15955957032
2.16077659806
2.16196821493
2.16225605787
2.16312137257
2.16457651409
2.16466478756
2.16566701618
2.16728817822
2.16733862438
2.16747785182
2.16830102486
2.16888431591
2.170617077
2.17084490056
2.17194954709
2.17239716874
2.17274095478
2.17379850673
2.17522961474
2.17596448901
2.17612608421
2.17647436361
2.17797509154
2.17917001814
2.17921930693
2.17977895035
2.18004802124
2.18033703277
2.18084504894
2.18095292962
2.18262820453
2.18267187089
2.18275436699
2.18282568375
2.18358079041
2.18360014762
2.18411967705
2.18417073417
2.18518822573
2.18649003839
2.18696923416
2.18714438185
2.18973404809
2.19094005875
2.19131195976
2.19199310684
2.1935277444
2.19629471905
2.19728382576
2.19922708163
2.2009468266
2.20132493883
2.20231998202
2.20278786832
2.2037833141
2.20405512545
2.20441525476
2.20465856675
2.20482806474
2.205600098
2.20641430469
2.2067433878
2.20745067101
2.20908004305
2.20957896465
2.2111442712
2.21160760949
2.21389396571
2.21447999648
2.21449166024
2.21582996201
2.21678246861
2.21685942124
2.21706852481
2.21742296978
2.21817690827
2.21838536866
2.21879237997
2.21935959528
2.22298763609
2.22353944778
2.22587680053
2.22633626671
2.2263649692
2.22712143071
2.23033153205
2.23039731081
2.23064945346
2.23096926809
2.2316668157
2.23167569975
2.23232918011
2.23329942336
2.23724464745
2.23780244296
2.23851120136
2.24181014269
2.24199206276
2.24313161544
2.2447256716
2.24657699681
2.24688711998
2.24688772587
2.24846981537
2.24894836271
2.25159986242
2.25185616896
2.2518908799
2.25252837077
2.2539281184
2.25571478204
2.256273118
2.25868213154
2.25882628401
2.259129011
2.2596041982
2.26193820448
2.26295147482
2.26369958921
2.26397578139
2.26461041227
2.26511431608
2.26535211717
2.26582615796
2.26698135493
2.26719676021
2.26747039995
2.26955329849
2.27069367663
2.27084922357
2.27091623437
2.27158753954
2.27252689723
2.27277937867
2.2732552167
2.2736013233
2.27465895801
2.2749502991
2.27622502239
2.27693467211
2.27705801988
2.27744891693
2.2776031534
2.27769841035
2.27784838118
2.28084277767
2.28174692693
2.28453188531
2.28531901354
2.28540334782
2.28690310324
2.28851274403
2.28925061534
2.29074520378
2.29120503986
2.29173707574
2.2923050054
2.29323968205
2.29419256381
2.29493251774
2.29506683648
2.29558035224
2.2983006059
2.29911020416
2.30021814722
2.30053928085
2.30076299408
2.30510025855
2.30597403423
2.30760871904
2.30785929726
2.30817688533
2.31135462292
2.31136712702
2.31273684483
2.31280825323
2.31752116968
2.32027850218
2.3220961796
2.32217189394
2.32223156583
2.32292638971
2.32568791165
2.32823917802
2.32848012162
2.33000117207
2.33071672718
2.33095627524
2.33143243379
2.33168220371
2.33501736225
2.33544229042
2.33719879603
2.340057039
2.34007882844
2.34153266548
2.34314521946
2.34336428043
2.34700057967
2.34726040911
2.34744650116
2.34749317716
2.34793069395
2.35012909121
2.35074652448
2.35144318434
2.35297892963
2.35307265868
2.35417742033
2.35514783146
2.35762739444
2.35782988261
2.35898713571
2.3596830037
2.35970833382
2.36016002769
2.36329327605
2.36477076493
2.36523625432
2.3662917891
2.36770209405
2.36778795433
2.36779605216
2.36834594944
2.36887896745
2.3689130076
2.37019328722
2.3705462451
2.37084453347
2.37154120897
2.37247481494
2.37304005364
2.37402347489
2.37411668926
2.37429403949
2.37474564373
2.37630189167
2.37720291156
2.37857587422
2.3788176067
2.3794858368
2.3798252908
2.38072384368
2.38087620704
2.38166453883
2.38182308143
2.38186184916
2.3844494678
2.38510664917
2.38525812702
2.38538707298
2.38641111114
2.38671303367
2.38715590873
2.38770696529
2.388551104
2.39046361724
2.3911900283
2.39138531187
2.39144643759
2.39184379685
2.39374275737
2.39461861897
2.39501769747
2.39557204633
2.39562500562
2.39804125917
2.39926901269
2.40018740019
2.40056210723
2.40059588547
2.40151937163
2.40340609756
2.40425733746
2.40471820114
2.40551276938
2.40570216932
2.40636644469
2.40757690981
2.40821148433
2.40915740344
2.40921615876
2.409259346
2.4093676373
2.40941159062
2.40996298279
2.40998260976
2.41053790759
2.41058456022
2.41159676872
2.41162978764
2.41205420217
2.41420174168
2.41491226513
2.41612220503
2.41619326241
2.42032872259
2.42085310655
2.42096620917
2.42149927684
2.42244011869
2.42364096236
2.42368960633
2.42396129644
2.42437662906
2.42439797002
2.42443234251
2.42514648427
2.42700123066
2.42732676449
2.43109355458
2.43409826862
2.43543884397
2.43557044144
2.43657830778
2.43665244125
2.43871436741
2.43881237003
2.44075021163
2.44080997602
2.44293485132
2.44478389816
2.44495509205
2.44543047643
2.44594077491
2.44633930338
2.44842994896
2.44975230364
2.45149641307
2.45261441758
2.45285256361
2.45286184182
2.45294323264
2.45619846659
2.4600690751
2.46346117868
2.46439242299
2.46493833083
2.46582946511
2.47173488316
2.47211235488
2.47224630746
2.47227109205
2.47237808265
2.47293696175
2.47318762663
2.47409227045
2.47431322544
2.47516025656
2.47607604095
2.47630298255
2.47910011166
2.4795334792
2.48006738896
2.48103607672
2.48211275503
2.48234042001
2.48393338176
2.48432991111
2.48507453229
2.48513258671
2.48610663145
2.48818705807
2.48823095718
2.48893632563
2.48939411918
2.48945445413
2.48958603336
2.49013758205
2.49064697272
2.49228410578
2.49274969415
2.49282705274
2.49315047233
2.49386973086
2.4944174131
2.49499615362
2.49657914295
2.49659168682
2.49680589675
2.49692170426
2.49761933293
2.50098389144
2.50349369103
2.50478242299
2.50511821772
2.50809753034
2.50929086934
2.50982998702
2.51005859666
2.5111037827
2.51137648009
2.51284892619
2.51286867902
2.51320382089
2.5132375986
2.51375189251
2.51589061543
2.51594717316
2.51599620716
2.51645226495
2.51652282835
2.51806063905
2.52071405782
2.5220134546
2.52228947456
2.52886492459
2.52998543464
2.53076072101
2.53165438632
2.53317359953
2.53612759855
2.53880777487
2.53895690393
2.53901873466
2.54033102381
2.54175089956
2.54273477683
2.54486695053
2.54660945001
2.5466630462
2.54737076976
2.54842243072
2.54891478901
2.54917844751
2.54948014254
2.55082788378
2.55307662457
2.55394322191
2.55500831852
2.55616246954
2.55693491972
2.55836195927
2.55841696848
2.55842170662
2.55895222215
2.55964266298
2.55968561994
2.56012609627
2.56119677747
2.56247351346
2.56270797425
2.56319146901
2.5644371006
2.56493093084
2.56557046028
2.56598317727
2.56644111347
2.56809971038
2.568425056
2.56887310873
2.56943390262
2.57003709559
2.57013939359
2.57032524122
2.57033696117
2.57119565312
2.57162102627
2.57200767977
2.57273739844
2.57496775358
2.57535220919
2.57596530459
2.57614562165
2.57828435257
2.57957898508
2.57981090085
2.58213818717
2.58605824296
2.58645011264
2.58732056205
2.5880604207
2.58814552753
2.58878867376
2.58964845346
2.59000712323
2.59070383939
2.59218114214
2.59306094577
2.59405753982
2.59534157699
2.59654674071
2.59727871737
2.59734486701
2.59812317696
2.60046411653
2.60232917954
2.60255398909
2.60293514765
2.60458130099
2.60743002903
2.60899362856
2.60936608172
2.60940122128
2.61064714126
2.61207542544
2.6125105599
2.6125294875
2.6141015912
2.61498591044
2.61527460879
2.61606565697
2.61899140566
2.61899699606
2.61912456375
2.61921124441
2.61979928144
2.62025746221
2.62093628397
2.62396446611
2.62409896112
2.62465860566
2.62565198232
2.62666012096
2.63055369896
2.6312752235
2.63355872213
2.63524270444
2.63651173225
2.63658808782
2.63714567728
2.63755165446
2.63921359443
2.63924768034
2.6393868341
2.63984243802
2.63997848581
2.64018096851
2.64096339317
2.64284801236
2.64803921137
2.64824131929
2.64873791783
2.64930863983
2.65012357693
2.65271777607
2.65295445759
2.65435144385
2.65466732122
2.6564410935
2.66006284324
2.6602589062
2.66047965809
2.66107476254
2.66660267693
2.66803779463
2.66862718726
2.67054010114
2.67105709183
2.6714114463
2.67238823339
2.67239032563
2.67381023908
2.6745770856
2.67532983868
2.67549665913
2.67645114668
2.67653193793
2.6783556001
2.67903781354
2.68021676211
2.6802737161
2.68080229635
2.68170312948
2.68185097944
2.68195122337
2.68393753968
2.68475668702
2.68534719593
2.68575940641
2.68748589066
2.68852745611
2.68856991971
2.69050101006
2.69188337271
2.6919733758
2.69200236751
2.69371254812
2.69614272138
2.69743559118
2.69829132075
2.69886256842
2.69972350497
2.70138057307
2.70227012032
2.70324347436
2.70425646556
2.70440049521
2.7086539948
2.70942603217
2.71002580589
2.71065390424
2.7137972124
2.71497622832
2.71728445892
2.71745917417
2.71850737962
2.72015147182
2.72021806513
2.72044616664
2.72267927902
2.72335311816
2.72712931996
2.73059246843
2.73391786033
2.73535202852
2.73631970581
2.74020621371
2.74052740588
2.74177820031
2.74344680976
2.74500201743
2.74572021063
2.74646754434
2.74694930834
2.74699295784
2.7480183523
2.74863809339
2.74900826134
2.74925675967
2.74996503808
2.75339832661
2.75431930784
2.75734693562
2.7574591699
2.75808443091
2.7592681927
2.76001611986
2.760716614
2.76127917703
2.76144570729
2.76170235534
2.76291367267
2.76402890427
2.76421609912
2.76431311095
2.76484818087
2.76487876644
2.76529948563
2.76613209976
2.76640571862
2.76721241095
2.76770041929
2.76807349517
2.76824165567
2.76895714617
2.77060088232
2.77145141689
2.77276140205
2.77564529395
2.77578227558
2.776240464
2.77718661008
2.77749251068
2.77867460949
2.78131461623
2.78151276732
2.78551381862
2.78579567139
2.78605062333
2.78787406708
2.79084313511
2.79112408719
2.79160961764
2.79169476693
2.79199039127
2.79408763473
2.79496998232
2.7964555074
2.79776905142
2.80005131403
2.80025735325
2.80289979464
2.80405103323
2.80565366586
2.80633605464
2.80977172256
2.80979422787
2.8109540243
2.81258995577
2.8128519905
2.81513463331
2.81539872336
2.82279780648
2.82365688519
2.82831440703
2.82855386775
2.82871303933
2.82939639399
2.82973519271
2.83026474054
2.83071153728
2.83125054205
2.83200235049
2.83309758579
2.83332218863
2.83404745328
2.83580981958
2.8398841608
2.84067293213
2.84096687328
2.84437872806
2.84563626955
2.84818740421
2.85120923617
2.85215989089
2.85272922661
2.85704585468
2.85713882693
2.85803973569
2.85988480462
2.86134335661
2.86294370853
2.8631914426
2.86535886209
2.86558322114
2.8692605486
2.86948508585
2.86981018083
2.86987464482
2.8710407517
2.87165582451
2.87303115488
2.87490821298
2.87613039169
2.87778822903
2.87797972482
2.87925333528
2.87954407874
2.88078161496
2.88360617549
2.88468095566
2.88473132257
2.88494241625
2.88577924086
2.88606499074
2.88660360248
2.88896156046
2.89002350963
2.89329918643
2.89336716663
2.89471360235
2.89511201044
2.89756796964
2.8978908481
2.89806122008
2.8981540856
2.89838117863
2.89962634911
2.90085247046
2.90163050875
2.90196868916
2.90211096199
2.90408592845
2.90579683977
2.90744639311
2.90922909668
2.90983735052
2.91002608862
2.91101219083
2.91230207092
2.91756629074
2.91874958546
2.91930339669
2.92203388108
2.92471249174
2.92537100022
2.92661471833
2.92881098154
2.92918209723
2.93084359368
2.93120683263
2.93141746848
2.93192862747
2.93632638938
2.93669307869
2.938604033
2.93891561402
2.93962344274
2.93990743842
2.94026172738
2.94131171346
2.94216693861
2.9444620901
2.9460919979
2.94612795298
2.95023082095
2.95065648312
2.95129702113
2.95184634981
2.95244926579
2.95254798167
2.95288780204
2.95696111632
2.959368002
2.95972739209
2.960754745
2.96428788927
2.97170628181
2.97185202497
2.9755319086
2.97774727918
2.97790442226
2.9784785684
2.97906452381
2.97965600233
2.97973080836
2.98028143219
2.98153035203
2.98275234974
2.98373420266
2.98515284007
2.98674173392
2.98772913254
2.98906623585
2.98967344243
2.99112557277
2.99132981275
2.99155844432
2.99240408725
2.99560454288
2.99603493389
2.99804426854
2.99923186328
3.00094318348
3.00131358908
3.00133713131
3.00191206859
3.00245613055
3.00375812282
3.00618801222
3.00636785864
3.00662043787
3.00973277866
3.01090731057
3.01210752757
3.01246646115
3.01349892483
3.01362957486
3.01419164073
3.01473506593
3.01690491851
3.01811630285
3.01925768105
3.02507143871
3.02993028318
3.03229787723
3.03299175503
3.03429440486
3.03514644565
3.03639590071
3.03680672129
3.03726619719
3.03783515186
3.03920724853
3.03921883784
3.03944133731
3.04256769146
3.04320135329
3.04496106284
3.04505555677
3.04618023044
3.04720072881
3.04989797974
3.05541029088
3.05579531464
3.05614956436
3.05622956836
3.05648660555
3.05685449094
3.06016451317
3.06052485118
3.06063688052
3.0610883705
3.06109573677
3.06195416336
3.06387936911
3.06484768051
3.06587155654
3.06686818677
3.06700955925
3.06895469284
3.06941240859
3.07178091019
3.07272837522
3.07648663395
3.07966946617
3.08309927599
3.08528782911
3.08902301543
3.09036299164
3.09105133188
3.09130963092
3.09337799891
3.09727979595
3.09800455872
3.09920527327
3.10010938143
3.10024998287
3.10034550624
3.10057026798
3.10495683674
3.10546085943
3.10586206834
3.10603520739
3.10737557558
3.10767041984
3.10775196594
3.10824367851
3.11018357906
3.11410315172
3.11985310076
3.1199695909
3.12008477986
3.12205983275
3.12210030885
3.12830010424
3.12891624397
3.12894730196
3.13288160707
3.13478515361
3.13499874134
3.13513886077
3.13516452909
3.13654892502
3.13658093072
3.13678136818
3.14034181332
3.14087613572
3.14091974455
3.14143907729
3.14370995881
3.14383746988
3.14566927787
3.14573500568
3.14783794166
3.14899845131
3.15087973831
3.15114298867
3.15232787872
3.15432283957
3.15653348949
3.15823041745
3.16243707181
3.16387720325
3.1645823844
3.16782009092
3.17124293833
3.17226993913
3.17329961512
3.17458548107
3.17569691026
3.17575834511
3.17642250675
3.17648812201
3.18057721662
3.1815879857
3.18232157101
3.1859035761
3.18811277244
3.18991632421
3.19077887708
3.1908453512
3.19234169066
3.19408264427
3.19429551121
3.19545186527
3.19941739239
3.19986337799
3.20023957702
3.20213422113
3.20358211431
3.2046138146
3.20925576708
3.21162473949
3.21396897803
3.21625648339
3.21642729049
3.218669119
3.21922291755
3.22111520092
3.22328244713
3.22416470416
3.22708799169
3.2299259137
3.23436914895
3.23455578221
3.23633366235
3.23688296896
3.23820211506
3.23906027761
3.23984143647
3.24027878459
3.2407207553
3.2409787712
3.24439099357
3.24856892
3.25005989624
3.25206751966
3.25329508326
3.25345236505
3.25357751693
3.25363421996
3.25437803281
3.25477992273
3.25576944398
3.25595849147
3.25741616552
3.25785896998
3.26076404761
3.26107987345
3.26224064128
3.26676694952
3.26850107694
3.26912960556
3.27443269262
3.27449605639
3.27477930368
3.27604544745
3.27816886343
3.2784536373
3.27893299968
3.2831775591
3.28663909512
3.2881412874
3.28848730303
3.29657353748
3.29692437161
3.30368545473
3.30405160505
3.31469092596
3.31684523965
3.31994440576
3.3202872447
3.32054655191
3.32093701957
3.32173406826
3.32384840828
3.32451457165
3.32495422282
3.32676917099
3.32686443102
3.32749866774
3.32810656722
3.33011014616
3.33044611403
3.33071918046
3.33256786955
3.33458161533
3.33819854901
3.34009136684
3.3408014606
3.34331910439
3.34356567673
3.34559554271
3.34910217314
3.35188752997
3.35218550405
3.35316379748
3.35322125752
3.35740791265
3.36215220621
3.36235625254
3.36311835963
3.36700836463
3.36929860907
3.37009568191
3.37472578028
3.37561947371
3.37655473383
3.37786712125
3.37950861499
3.38137054235
3.38705165966
3.38810722122
3.38944304289
3.38962817063
3.3915130471
3.39222720264
3.39380596006
3.39449585038
3.39567452377
3.39584101358
3.39605220654
3.40258929498
3.40418793887
3.4083914049
3.4085244733
3.40909990298
3.40930880351
3.40958987435
3.41115919233
3.41136498197
3.41317025504
3.41416788251
3.41611287165
3.41803215888
3.42221301916
3.42241759828
3.42243058814
3.42849988092
3.43009929009
3.43193859853
3.43804218706
3.43863737759
3.44433621395
3.44498418311
3.44902913327
3.44936310528
3.45239015327
3.45252928109
3.45732040101
3.45762755342
3.45786925966
3.45890228539
3.46198700385
3.46308050462
3.46466341828
3.46697084614
3.46880336004
3.47255660224
3.47386109297
3.47698410307
3.47950114296
3.48261893589
3.48661011728
3.49184889859
3.49375697971
3.49380362262
3.49417748942
3.49464255908
3.49491971835
3.49666202423
3.49722975165
3.49865954936
3.50155140867
3.50218195169
3.50269876315
3.50333345324
3.50477000863
3.50695234191
3.50988523254
3.51094993158
3.51703215406
3.51739066181
3.51988240368
3.52163339392
3.52344778256
3.52351033537
3.52754322659
3.52840439672
3.52903330229
3.53182686766
3.53301783281
3.53406600325
3.53434043538
3.53445732664
3.53454655075
3.53847554634
3.54056590636
3.54396597832
3.54418247083
3.55042359866
3.55094619698
3.55404980874
3.55583645374
3.55961240651
3.56260020001
3.56422158594
3.56523306712
3.56643790526
3.56696085019
3.56824011199
3.57284645784
3.57585531419
3.5772969407
3.58238893064
3.58293878114
3.58346357253
3.58742973752
3.59082951559
3.59102162894
3.59534154732
3.59728660474
3.59948853164
3.60236600797
3.60427819787
3.60584126947
3.60716960037
3.60923145079
3.60965859574
3.61175958643
3.61214090237
3.62318077189
3.62344119522
3.62363002119
3.62407411401
3.62573296766
3.62712877225
3.6304234905
3.63116875737
3.63131653622
3.63279579888
3.63702564362
3.63853322011
3.63970547317
3.63987667514
3.64042764844
3.64063006764
3.64138396439
3.64531328445
3.64572881306
3.64709391447
3.65145267233
3.65200333294
3.65356997741
3.65584781084
3.65640378569
3.66087709378
3.66146716222
3.66290564112
3.6679817623
3.66913413998
3.67075564953
3.67120739575
3.67417499468
3.67464221241
3.67683291512
3.67728102759
3.68163530812
3.68527495034
3.68602668382
3.6879908532
3.68900388234
3.6908933376
3.69162090138
3.69192385013
3.69199841863
3.69795634785
3.69851048098
3.70473424112
3.70560348775
3.70928321218
3.70974073189
3.71095846076
3.71116882723
3.71184744048
3.71289045386
3.71479931646
3.71752425973
3.71892622602
3.71962972278
3.72020400473
3.72757815329
3.73007578361
3.73098782613
3.73191407253
3.73270156292
3.73357934464
3.73378833048
3.74248502187
3.74355956178
3.74393567117
3.74650098712
3.74937305756
3.74975485602
3.75073473758
3.75816334658
3.76172677207
3.77079051457
3.77198246075
3.77516701577
3.78325092773
3.78362087158
3.7868559282
3.7872879344
3.78730044712
3.78836329775
3.78967270766
3.79156410519
3.79274377858
3.79352543505
3.79709980679
3.79723669554
3.79754025755
3.79824200401
3.80167462771
3.80252595641
3.80362719608
3.80503942372
3.81009799252
3.8121418894
3.81299195539
3.81605475136
3.81742541171
3.81836798043
3.81950557989
3.81950708657
3.82135638335
3.82194476102
3.82489063027
3.82533279161
3.82595045569
3.82690226127
3.82765769568
3.82829555923
3.83200092611
3.83253922968
3.83263360202
3.83366186858
3.83488383899
3.83789296119
3.8440692886
3.84694685117
3.84791732724
3.84803107274
3.84869015626
3.85002671151
3.85035433572
3.85281037791
3.85417699716
3.85780855154
3.85841993263
3.86115217952
3.86301546891
3.86423594016
3.8656200153
3.86783287305
3.86828722501
3.87219651389
3.87254393132
3.8725630791
3.87467704651
3.87612924112
3.87619103945
3.87720284969
3.88655620078
3.88675987415
3.88765638685
3.88879682261
3.88921414267
3.89374257492
3.89636142328
3.89843641296
3.89896449253
3.89970065916
3.90004751857
3.90069561715
3.90089930266
3.90766004539
3.90859230235
3.91147149818
3.91153528858
3.91203963919
3.91241016208
3.91336265285
3.91376939392
3.91447028691
3.91537323278
3.91662834162
3.92001953871
3.92002130642
3.92804886664
3.93339554335
3.93385523671
3.93408461514
3.93606157813
3.93788831064
3.94208146243
3.94253167
3.94483556851
3.95450186492
3.95589969099
3.95756733986
3.95942914787
3.96006509768
3.96290394238
3.96613472003
3.9662175203
3.966254935
3.96835940882
3.96928469848
3.96950437642
3.9697791008
3.97149096223
3.97331988316
3.97678375983
3.9774610848
3.98091936846
3.98678708981
3.98888970148
3.99247972913
3.99356683318
4.00023933416
4.00144743966
4.00183916102
4.00277117329
4.0041603409
4.00487669624
4.00497269095
4.00545765884
4.00597194694
4.00702939545
4.00947013993
4.00953713568
4.0128309379
4.01660894969
4.01880235855
4.02142639745
4.02190879968
4.02382615126
4.03066930349
4.032758322
4.03314097349
4.03409048442
4.0340929276
4.03412451363
4.03465152799
4.03599580797
4.0393255995
4.04116699161
4.04680991026
4.04893682249
4.05142191098
4.05197583946
4.05575724534
4.0601698239
4.06466060393
4.06543792437
4.06650099428
4.06983941288
4.07319940187
4.07784176411
4.08386972286
4.08422714432
4.08818938985
4.08894882413
4.08964575337
4.08966947592
4.09038709713
4.09145867548
4.0997421656
4.10227609943
4.10260778412
4.10950257577
4.11418550717
4.11645125802
4.12109435061
4.13068448056
4.13284802942
4.13519060049
4.1352053378
4.13581728562
4.13623953919
4.14472514123
4.15035339505
4.15670334559
4.15938518354
4.1598568735
4.16051298982
4.16336286268
4.16418657749
4.16421246958
4.16818242011
4.16907561162
4.16953887179
4.17879374853
4.18045119738
4.18211898516
4.18540688338
4.18804947888
4.19062089952
4.19553226741
4.19691725698
4.19738174132
4.20376789059
4.2051183778
4.21306129059
4.21469933451
4.21742717009
4.2191714758
4.22002735924
4.22537400381
4.22600131486
4.22704858689
4.22908779141
4.23502149593
4.23550340253
4.23901116995
4.24017773632
4.24458961981
4.24707268336
4.24753274772
4.25174072915
4.25266519664
4.25293379014
4.25353320146
4.25499461124
4.25890816589
4.26111701014
4.26367377717
4.26393037929
4.26562704141
4.26769424961
4.26858937716
4.27187917246
4.27303892116
4.27575160887
4.2780686589
4.28045700697
4.28297532197
4.28334447448
4.28511923702
4.28792991336
4.29217544112
4.29560634963
4.29596430672
4.29786514178
4.30161355334
4.303610778
4.305923767
4.31279979911
4.314110907
4.31540543483
4.31730548586
4.31800669491
4.3207532855
4.32120136047
4.3247248487
4.32546508616
4.32935140008
4.33186640578
4.33428699413
4.3411506389
4.34522556648
4.3456770984
4.34624786294
4.34668729463
4.34896983968
4.35551234877
4.35918015617
4.36119035307
4.3657678136
4.36854119275
4.37008218635
4.37056961148
4.37443813248
4.37460083186
4.38062584046
4.38156136914
4.38335752568
4.38466285879
4.38632787308
4.38759388092
4.38858369819
4.38859818775
4.3921623446
4.39237350989
4.39768575695
4.40703413329
4.40753223224
4.40777105274
4.41446770086
4.41481190154
4.415400553
4.41632541462
4.42209242389
4.42494988036
4.43278930189
4.43399609256
4.43943389174
4.4421944995
4.44699866056
4.44726678059
4.45181536689
4.45234988924
4.45646974105
4.45709232878
4.46059158714
4.46891808806
4.4689743298
4.4769896393
4.4789543147
4.47988489397
4.49207748606
4.49291050443
4.49677856503
4.49857238068
4.50077358018
4.5022127474
4.50578770788
4.50903511051
4.52661539123
4.52942959713
4.52968949941
4.53159875783
4.53941842093
4.54166776713
4.54586036068
4.54743489168
4.55215289348
4.55593841926
4.55683633075
4.55767632782
4.55804088
4.56017414917
4.56230395667
4.56876851993
4.57539148638
4.58058041961
4.58351002945
4.59655361482
4.60372557815
4.60374214596
4.60677869927
4.60734803733
4.61012162082
4.61732206283
4.62079136991
4.6209983838
4.63475266087
4.6357431567
4.64135325252
4.64360036639
4.64608622058
4.64794887055
4.64840542432
4.65552458866
4.65557395562
4.6594937875
4.66549057782
4.66560231117
4.66617907436
4.66941786968
4.67048568461
4.67174127596
4.67198723394
4.67443534474
4.67569973835
4.67937333879
4.68181510535
4.68918240979
4.69081597015
4.69161766197
4.70597066824
4.71526896874
4.71733428665
4.71836575589
4.72533746273
4.74488382834
4.74566617108
4.74684110555
4.74804558872
4.7495368992
4.74982057277
4.75189993975
4.75312238158
4.76180337688
4.76207487895
4.76375325816
4.7638474378
4.76410664178
4.76659475713
4.77355182679
4.77901623257
4.77917541453
4.78152085044
4.78153296483
4.78509874125
4.78985822147
4.79019272352
4.79148070072
4.79412918734
4.79772230519
4.80402336473
4.80466758653
4.80583011757
4.80741649424
4.81106297021
4.81351601682
4.8154154335
4.81621500917
4.82164997148
4.82333723962
4.82634151668
4.82717615564
4.83154793968
4.83615771017
4.83903863288
4.84173669367
4.84254331
4.84954910558
4.849819012
4.85154102248
4.85421760202
4.85546370388
4.86202345871
4.86474083993
4.8736318866
4.87447100704
4.88169153192
4.8820505428
4.88242160541
4.88258337002
4.88986263761
4.89085307618
4.89194781224
4.89789356772
4.91853947686
4.91858644021
4.91955552624
4.9212414575
4.92129078496
4.92430583938
4.92791442151
4.934772323
4.93615798621
4.93622266043
4.94810322325
4.94859261109
4.95020152937
4.95034375071
4.95348449467
4.95924283834
4.96005082951
4.96265067233
4.97296103999
4.97359753048
4.97830422778
4.97912291917
4.98240040089
4.9848716054
4.99670652225
4.99933770051
4.99953184054
5.00440671346
5.00763800133
5.02106309355
5.02568343046
5.02674465466
5.02845446616
5.03405835838
5.03810250136
5.03814909436
5.04180044285
5.04356374017
5.0607135335
5.06969913189
5.06985204794
5.0750207033
5.07997570921
5.08359398569
5.08787956409
5.08917102192
5.08999639272
5.09382116453
5.0992430625
5.09984730547
5.1249991813
5.12710355914
5.12798939947
5.13160667017
5.13512686524
5.13635648252
5.14299162248
5.14640267141
5.14666176282
5.14796889214
5.15084936237
5.16110847448
5.16131568411
5.16398029944
5.17292710247
5.17998147052
5.18037128357
5.18368952756
5.18376782347
5.18543752459
5.18759657578
5.18861846228
5.1951197995
5.19680977908
5.20005715849
5.20007811069
5.20136611953
5.20473582346
5.21017625518
5.2102143496
5.21873723525
5.22086895929
5.22469074308
5.22876683238
5.23335205679
5.23339222072
5.23484090775
5.23613279438
5.23794296549
5.23823300981
5.24623801642
5.25445650132
5.25828056411
5.25924116935
5.26186845627
5.26746206984
5.26858798021
5.27189750433
5.27909445932
5.27987070235
5.28211211085
5.28285101802
5.28667605518
5.30497922076
5.31242615866
5.31460301872
5.31491397108
5.32484446265
5.32555522446
5.33283048549
5.3343586439
5.33622680825
5.33874274297
5.34305100125
5.34337431591
5.35238312787
5.35289493606
5.35689526624
5.36038543818
5.36641257418
5.36701666556
5.36981704426
5.37386458595
5.37576326218
5.38545682507
5.39185832608
5.39288385985
5.39489968889
5.40091015189
5.41100079898
5.4271462521
5.44352646383
5.45077768735
5.45220268855
5.45318043909
5.45357135186
5.45775597579
5.45874967681
5.46799233989
5.46834047438
5.47194151351
5.477627539
5.49013417716
5.49387062741
5.50018127624
5.50025849393
5.50109396684
5.50372113328
5.50513887887
5.51738389852
5.51953838669
5.52030853165
5.52433876055
5.53255941387
5.54573957545
5.54931884747
5.55514126133
5.55955869492
5.56071703968
5.56563632441
5.56851786916
5.573327117
5.57583288177
5.58038524826
5.60267751939
5.60576043184
5.60825596016
5.61072620933
5.61705536715
5.6218622476
5.62296140588
5.64138783322
5.641510699
5.64304341782
5.6483246578
5.6529680091
5.65724384598
5.66081836459
5.67571721441
5.68232075136
5.68922755564
5.68999487313
5.69146955013
5.6924154227
5.69464025883
5.70095941046
5.71230406129
5.7134610108
5.71923631113
5.72235079664
5.74967052081
5.7511090151
5.75143573632
5.75810840444
5.76499604051
5.77100718974
5.77174155277
5.78183686989
5.78307471645
5.7831738486
5.78480159617
5.7875932748
5.78828149937
5.79570861133
5.81303565311
5.82083038554
5.82235458235
5.82623236652
5.84131084569
5.8447539561
5.84477869372
5.84733857927
5.85206778154
5.86492644972
5.87750166827
5.89541883458
5.89754351001
5.90400441431
5.90740469674
5.915330984
5.91716773946
5.92414785505
5.92768106165
5.92983194751
5.93345990668
5.94281202388
5.94335169709
5.94389664698
5.95063803456
5.95709101339
5.97322748939
5.97437784715
5.97440761358
5.99401899719
5.99542337288
5.99659699895
6.00561550626
6.00706961236
6.01313711101
6.01618309422
6.01699625754
6.01797435435
6.02569834372
6.03829373357
6.05151807952
6.08016634323
6.08235368101
6.08426007665
6.10152370953
6.1248596124
6.13024469453
6.1447997626
6.1525105443
6.15286151158
6.15676461479
6.15794251906
6.17166183601
6.172350216
6.17619860626
6.18776502215
6.20680706687
6.20850719033
6.21644717981
6.22877297652
6.23396736899
6.23497620738
6.23530427391
6.24426956048
6.2644427995
6.2714037059
6.2717354313
6.28226491876
6.28263435431
6.28411315676
6.30564632721
6.3146290529
6.32280384755
6.32313133734
6.34258299823
6.34325350338
6.35047955016
6.36643922073
6.37124997021
6.38687315685
6.39133443247
6.39268130102
6.40116101116
6.40920654383
6.43982054665
6.44650182812
6.45025261881
6.45333073925
6.46105240367
6.47115923467
6.4822159899
6.48451909081
6.48795643875
6.50491503897
6.51127569187
6.51195631067
6.52084664662
6.52787777907
6.53500986001
6.56197945955
6.56401397336
6.56520073857
6.57851879161
6.5801248947
6.58900702606
6.59439261987
6.60779744957
6.61831636609
6.62220828864
6.63166552725
6.6347802703
6.64581792043
6.65076687173
6.67622962413
6.67876562661
6.68344825357
6.69732497487
6.70453412982
6.70755949715
6.70961158669
6.71355533978
6.74467941141
6.74772030815
6.74856758207
6.76854726437
6.77594377774
6.79129313406
6.79170601348
6.79716982635
6.82292485521
6.83463022912
6.83879374783
6.83982549151
6.84444307222
6.84766259736
6.84862978568
6.84865270941
6.85260814621
6.85478998018
6.89714714957
6.90537989765
6.90793236198
6.91953296226
6.95040181918
6.95183270919
6.96879143369
6.96892283229
7.00998110811
7.01143191616
7.02959942028
7.02972939148
7.03687375722
7.03965052354
7.04594715374
7.05644378213
7.07108736238
7.07522515126
7.09921267917
7.10617562394
7.10834536567
7.11213524404
7.13413790448
7.15341722861
7.19571436895
7.22091397711
7.24126490423
7.24199714467
7.24573564085
7.24987166158
7.26335331798
7.2673493868
7.26793606964
7.2894198691
7.29708764944
7.30024235249
7.3015843051
7.31488288537
7.32497290711
7.34321897561
7.36291245123
7.36411823815
7.36781282624
7.38168558169
7.39826823245
7.41434723035
7.42658976434
7.43156436908
7.45786517912
7.4699020421
7.48710788975
7.49198930084
7.49267067631
7.49306456087
7.50287940949
7.56191851033
7.57969094815
7.58457528302
7.58617110108
7.59035777496
7.59953571202
7.60087359003
7.64462329451
7.65393138347
7.66826704563
7.67292429054
7.67731230486
7.67839449793
7.69961483283
7.70379839305
7.71847088839
7.75690169019
7.75702205192
7.78535457421
7.78768132538
7.78905348084
7.79215392205
7.82504799388
7.82851313054
7.83292476447
7.86481954802
7.89691906509
7.89751711701
7.91652713
7.91745372102
7.91917807355
7.94440171258
8.09445959549
8.09644627043
8.10002157355
8.13478863838
8.15389310304
8.18336938652
8.18571108496
8.1864709606
8.19291349302
8.23103653558
8.24400436736
8.2563722057
8.25765415683
8.2659812883
8.27416567509
8.2911386826
8.30655569705
8.33666609911
8.38527927293
8.391121901
8.45046157687
8.45565131502
8.46122054155
8.4908460365
8.49525995315
8.51486298882
8.51642224591
8.51963950684
8.5599777111
8.56149400867
8.58748200824
8.62280053329
8.63164183285
8.63406932947
8.64060018296
8.65451016214
8.67482587877
8.69773236213
8.70168518952
8.77585087806
8.78130849817
8.78605757467
8.78697358677
8.78744837404
8.82714722141
8.86150891679
8.89175474181
8.89997263145
8.91642712105
8.91672952592
8.93556921721
8.94222434359
9.03265186678
9.04575020554
9.06849257271
9.15382046026
9.18006157141
9.230762136
9.28595929197
9.30945602676
9.43154022042
9.50686627228
9.50819364188
9.5246224774
9.52710477553
9.53527377679
9.54730978601
9.56085343952
9.63513358016
9.67465650886
9.72817531177
9.78078932641
9.84200663021
9.86071234955
10.0189505941
10.0400999218
10.0567537551
10.0876962033
10.1094129476
10.2136396508
10.294105209
10.2944199479
10.3887616241
10.4067719768
10.5630300723
10.5937918148
10.6649361506
10.7433121957
10.7509475835
10.8861118881
11.0626699336
11.0895462223
11.1577336311
11.561362944
11.5979537322
12.3459987101
12.5064053412
12.6263969536
12.7255496928
13.0351764178
13.1877672274
13.255806328
13.4922275113
13.655426239
14.7923986955
16.9959497979
1.35383424574e-07
1.05184447567e-05
1.14742574287e-05
2.28541007763e-05
0.000203697064116
0.000285192364574
0.000290847031328
0.000404637491577
0.00044047884771
0.000448782313823
0.00062761468931
0.000849189361558
0.00103412875639
0.00129949829945
0.00133076912669
0.00136397331417
0.00153008622011
0.00168220755693
0.00170009608235
0.00170367068633
0.00184751202148
0.00232885168527
0.00258472224264
0.00288175201382
0.00288486008316
0.00367896176048
0.00422924515325
0.00444902757944
0.00513853720425
0.00661331561092
0.00667371839754
0.00707717947062
0.00851443151835
0.00882164201228
0.00913229201495
0.0100034176984
0.010819171706
0.0122371519468
0.0123672896102
0.0126843281981
0.0158966655549
0.0175356020103
0.0178702338675
0.0190234965449
0.0199170965074
0.0203225729875
0.0208796689219
0.022952973587
0.0232082343139
0.0233658450723
0.0235131903141
0.0268812909991
0.0318225071467
0.0326582672438
0.033018262125
0.0360241152482
0.0368128818568
0.0409393708929
0.041507611579
0.0429582500832
0.0460377838055
0.0547749735107
0.0573826575627
0.0605851868133
0.0648676657278
0.0689763506601
0.070345312726
0.0723823027568
0.073082227907
0.0749037742575
0.0781750847101
0.0785410151559
0.0792821995357
0.0815777800354
0.0821906270862
0.0890859575628
0.090094343127
0.0913634900454
0.105202223408
0.106533121367
0.107652888583
0.112395999277
0.11559163226
0.11561684878
0.115676295643
0.116531260515
0.12761276158
0.127884770238
0.131396950436
0.1354066603
0.142073605827
0.14368613902
0.147868171896
0.149443949268
0.153524943046
0.160895112487
0.164921248786
0.165279896565
0.167176614147
0.167954811768
0.170717764713
0.182773385345
0.190826904289
0.195057785747
0.202060658763
0.204828341699
0.208731006472
0.209611041253
0.214881070381
0.221727635746
0.231809558603
0.234577533689
0.239108140576
0.239847870743
0.241076999348
0.245351212353
0.246277698508
0.265662044816
0.267858968344
0.273770009366
0.275066090805
0.278404998856
0.282949494461
0.285512691867
0.292809604854
0.296560470419
0.302796468526
0.308112582556
0.315167954383
0.315239926661
0.328701868599
0.329201817824
0.32964657318
0.330949391199
0.353281663222
0.354939379523
0.373815037458
0.38426513194
0.387301738622
0.406141179026
0.407709224877
0.417443967774
0.438824615055
0.450066979265
0.470374462328
0.475645410216
0.484416620915
0.492050429938
0.494850644773
0.523487948893
0.525318355607
0.537155689807
0.554973059913
0.555417620916
0.565223502392
0.567099757908
0.573129483539
0.580799440223
0.610443025235
0.622236316554
0.640817439492
0.643177294707
0.644529808563
0.649382222711
0.652223236438
0.657406991686
0.669032894084
0.680106103085
0.681639596245
0.685487986851
0.708472117923
0.714323207709
0.71783189133
0.719113125327
0.722803822152
0.726904086578
0.738881219751
0.74472597836
0.748732140736
0.749110447998
0.755126448294
0.766811580169
0.783248901621
0.783956195642
0.798896935497
0.799153756491
0.801656970893
0.814604313988
0.831822375401
0.841783842431
0.844547481732
0.845745482469
0.852736549034
0.873455074846
0.881103629459
0.889514954682
0.907354128142
0.943477551735
0.956439771013
0.962293547528
0.970348663719
0.976509470319
0.978329150463
0.990370938164
0.992896434292
0.994208643205
0.995981901028
0.99851545268
0.999484333749
1.00053906834
1.00718815418
1.0079400255
1.06036131268
1.07771469928
1.09052775661
1.10151375814
1.10229701623
1.11019305067
1.11662439394
1.11799824918
1.12667730616
1.14804849993
1.17610992634
1.20609896478
1.21104980416
1.22297975049
1.22862614439
1.23495110058
1.23495425317
1.25817686793
1.2648617802
1.2660722912
1.27012484157
1.29093245061
1.30268278063
1.31403769552
1.31507327674
1.33396992049
1.34147872133
1.35718489809
1.39164151036
1.39487689227
1.4158886113
1.41957453392
1.46039790999
1.46549460233
1.47359144069
1.49844030096
1.51140404113
1.52334908363
1.52382983395
1.53238173429
1.54782991534
1.55779740728
1.55869645707
1.56687779863
1.57964043319
1.58838547954
1.5925799129
1.60566251071
1.61299061853
1.62440028526
1.63420767411
1.65618531578
1.68187997925
1.69023570507
1.69302840128
1.70409643314
1.72167921086
1.72748578331
1.73056214294
1.73641619248
1.77045704401
1.77366427691
1.80661440284
1.81677181337
1.864849349
1.91794906678
1.93545610656
1.97855489033
1.98400793219
2.0748126314
2.08325323166
2.13878437284
2.14663382082
2.16036791747
2.21216092864
2.25005309507
2.28126287882
2.3052504114
2.39187193412
2.43726889371
2.45691557266
2.50306062995
2.51031233241
2.55435348474
2.58311372376
2.59066636958
2.61615155843
2.62003819203
2.62936464506
2.64133043323
2.73417635529
2.78918732202
2.89357819276
2.89636094768
2.89839190417
2.94788691943
2.95314585129
2.98208184712
3.00898949814
3.05318186872
3.10721327111
3.21288056631
3.34458287287
3.36766730129
3.55497854482
3.85810407307
4.08571876717
4.24948635639
4.26399840642
4.31857055866
4.32608600252
4.47333288366
4.55404742111
4.60601389533
4.62748169047
4.75526982599
4.79519257521
4.93069767731
4.96203355743
5.00346041763
5.06741955302
5.18205305628
5.90873234969
5.93023609394
6.16364955695
6.42506505204
6.52038675008
6.81658217126
6.82744150034
6.85369995094
6.89177627885
7.30052454403
7.48556872647
7.53089022861
8.47657454118
9.42525839902
10.2093607506
10.2960009532
10.7310545301
